3 -78.104526 11.151881 96.978018 24.485221 -54.510595
5 -4.723296 -88.346128 44.886906 -18.144824 66.327343
5 -3.786443 -10.364270 -20.933201 -59.413537 94.497452
5 23.161082 -63.445677 -54.274474 10.448257 84.110811
5 -40.627755 -122.571439 -10.064928 80.434316 92.829805
4 -20.595583 -60.901047 -60.370024 241.636542 -99.769890
4 -2.363333 29.938677 10.109520 113.764911 -151.449777
4 -44.410872 32.288278 -90.485593 92.270955 10.337231
4 -100.389574 -93.683306 27.717199 186.967060 -20.611382
5 -56.085370 6.997232 -7.086444 2.531227 53.643355
4 -71.258573 -5.468963 -77.468937 181.340262 -27.143790
4 -17.044070 3.864984 -9.035012 82.465261 -60.251164
1 172.474738 -159.972756 -65.981224 57.477038 -3.997797
2 -52.854307 63.600694 -4.106058 22.802498 -29.442828
1 110.759373 -96.326435 -24.806541 -30.630330 41.003933
3 58.525833 -86.765477 89.058295 10.370373 -71.189026
4 -28.359079 45.797478 -13.907151 68.795345 -72.326594
1 87.344796 -107.525276 25.427160 1.055993 -6.302673
1 81.816538 -13.174383 34.990066 -83.778679 -19.853543
5 -47.591520 -46.935865 40.963668 9.652132 43.911585
1 25.349557 -57.506871 15.932108 -5.114436 21.339642
3 -8.647586 19.831495 67.412132 -100.070550 21.474510
3 53.248669 -21.260706 99.978121 -117.741602 -14.224482
1 68.218202 -3.472692 -48.971204 -27.417050 11.642744
5 21.875901 10.644707 -36.466737 -49.469932 53.416060
3 -35.190252 -11.392013 100.282197 60.919536 -114.619469
3 -52.121478 -9.414724 74.499729 -64.874413 51.910886
5 -67.595102 -79.684844 -27.729638 73.859851 101.149732
3 -39.155180 4.194005 43.363274 -40.569569 32.167470
4 55.565860 -83.918861 -42.223104 99.336596 -28.760492
2 -64.151534 103.428329 21.616685 -11.819925 -49.073555
3 33.531573 2.842841 49.528785 -72.532857 -13.370343
1 73.031724 64.627004 68.530383 -195.165839 -11.023272
4 -126.804578 -40.447973 -15.388497 109.293189 73.347858
4 -63.628584 -33.680177 30.525298 66.308216 0.475246
3 8.934849 -5.538693 57.842429 -53.150323 -8.088263
3 36.489124 38.581166 101.288829 -89.219985 -87.139135
3 3.524876 35.154439 46.143302 10.254455 -95.077073
1 83.539564 32.287495 16.199760 -60.052689 -71.974131
5 -31.700225 19.333382 27.574710 -54.642174 39.434307
1 50.824199 -15.885009 -25.174956 -4.442934 -5.321301
4 -136.397771 -76.476470 -29.360694 208.030404 34.204529
4 -28.818760 -17.599068 43.601043 66.512784 -63.696000
1 76.520332 -29.491969 21.627484 -84.014533 15.358686
3 -87.700752 58.128777 233.314071 -128.677571 -75.064525
2 -29.643674 66.010058 -26.153709 3.288456 -13.501132
5 -3.599209 -69.786009 31.708246 -7.076408 48.753379
1 71.862788 -43.689984 -4.773026 -39.733744 16.333966
1 75.357184 60.697573 -26.229656 -63.912003 -45.913100
5 -19.537869 -106.352453 30.185817 46.929751 48.774754
2 -132.137553 153.838762 73.974350 31.144181 -126.819741
3 -17.288936 -25.354783 48.349630 21.122970 -26.828882
1 94.120033 -26.613280 22.701361 -32.597255 -57.610860
1 145.688402 -67.852212 58.265004 -31.322243 -104.778952
1 83.851843 -35.652560 26.168746 -83.698497 9.330467
1 61.090393 -16.109135 -29.755420 -10.921644 -4.304195
5 1.656578 -13.908534 42.303246 -77.968576 47.917285
3 33.855166 -4.327974 121.244212 -39.626175 -111.145230
3 -17.626266 -50.515824 189.132825 -123.636700 2.645965
1 28.281560 -0.822613 -1.696948 -24.271039 -1.490960
2 -36.506895 116.724500 27.458419 36.232360 -143.908385
3 73.572139 -62.611626 89.202676 -83.343242 -16.819947
1 66.002239 -15.426068 23.758811 -114.445343 40.110360
1 58.318636 -2.949861 39.640943 -79.302731 -15.706987
1 95.360632 -105.812278 66.925665 -104.251119 47.777100
1 174.297843 -66.764200 44.343975 -50.233354 -101.644265
5 -3.085834 0.931271 19.565433 -50.256160 32.845289
4 84.762740 -92.387771 -52.665796 98.692806 -38.401981
1 152.764725 -45.226387 13.640279 21.811388 -142.990007
1 132.246501 2.545570 -82.384231 21.589811 -73.997653
1 65.245859 -119.284185 25.429167 56.062194 -27.453036
1 100.234067 -67.452959 63.383221 -68.330138 -27.834192
3 59.444157 -67.586259 92.467203 -109.460333 25.135232
3 29.492067 -40.319363 112.490636 -125.618545 23.955205
1 112.716487 -112.059759 36.472250 56.405228 -93.534207
1 130.499344 -49.216645 65.733726 -35.423406 -111.593020
4 -41.897178 -7.377393 -3.428140 61.330237 -8.627527
4 -107.303872 -101.652055 -8.101979 191.804306 25.253598
5 -119.953946 9.786066 43.538089 -35.589509 102.219300
1 88.301521 -58.114614 25.359482 -29.442571 -26.103818
3 -104.999676 35.093274 52.180743 31.794999 -14.069341
4 -153.784286 -3.194673 58.811886 137.620190 -39.453117
2 -66.492828 56.902723 37.972961 20.297139 -48.679996
1 42.756293 11.746404 26.070726 -68.982066 -11.591358
3 1.132945 35.993277 43.069465 -46.918249 -33.277439
1 57.912756 -16.258519 -34.093488 -34.027897 26.467147
1 111.664353 3.892433 -61.914704 10.245661 -63.887745
5 -18.821657 -174.905459 -29.000777 69.102588 153.625303
4 -29.978050 -51.699929 -70.788373 133.518414 18.947936
2 65.602554 70.136772 -17.846975 17.530007 -135.422360
1 138.727939 -36.328980 19.863657 2.576376 -124.838994
1 117.238837 -55.764662 18.913158 24.857654 -105.244989
1 74.711153 -42.147739 -43.303047 -50.012914 60.752547
1 69.934350 3.569313 -5.026930 -6.063176 -62.413557
5 -20.195705 -40.123672 48.825955 -61.834362 73.327785
2 0.787897 77.665715 25.001338 -43.644401 -59.810550
4 -118.119471 13.469417 -96.737838 157.742817 43.645074
4 108.127766 -54.874509 -163.688004 251.445070 -141.010326
5 -76.978304 -64.775891 49.967571 22.684951 69.101672
5 -59.905211 70.420262 59.393978 -159.871472 89.962443
1 113.077901 -64.743977 106.961076 -50.232391 -105.062611
2 -1.056675 23.688780 -45.127958 21.037083 1.458770
3 -7.131100 -87.078944 112.635820 -1.697794 -16.727983
4 -60.359344 -131.561942 7.176928 146.550167 38.194189
5 -2.865982 8.743195 15.085504 -133.092068 112.129351
4 -129.461735 -1.623108 -39.577204 136.476756 34.185290
2 -35.354390 303.795299 -36.883320 -212.990837 -18.566753
4 -120.691403 77.434838 -25.980421 88.358325 -19.121340
5 -118.464935 -24.653935 52.592760 7.942521 82.583589
4 0.262239 -32.616521 5.670646 93.617442 -66.933808
1 73.339037 -73.192722 53.294601 -7.439227 -46.001691
5 11.596780 5.868693 35.840126 -98.673468 45.367869
1 56.623364 -56.224277 47.196032 -64.361751 16.766631
1 117.245594 -80.798043 -55.482714 5.844303 13.190859
4 -41.884139 -70.582954 5.090725 157.805561 -50.429195
4 75.196567 -131.898721 -80.255571 157.587915 -20.630192
2 -6.963267 66.401617 11.955446 -91.121609 19.727813
5 -15.544064 -31.722826 -4.067626 24.438311 26.896204
3 15.042674 -14.635520 37.122281 -18.692372 -18.837063
4 78.161615 -22.919452 -71.646243 124.043741 -107.639663
1 101.780839 17.458493 -67.506787 -46.565281 -5.167266
5 -28.723573 -27.055472 -19.952750 5.334550 70.397245
3 -51.469323 63.940761 173.574804 -114.146210 -71.900031
1 69.899100 7.539597 47.568490 -39.477956 -85.529232
1 92.771151 -6.390110 -75.690991 54.617712 -65.307765
4 20.394208 19.979493 -58.080533 78.275744 -60.568913
1 95.970362 -82.289184 -21.379916 -72.676921 80.375659
5 -35.154339 -57.413919 15.091522 -0.052911 77.529647
3 -6.434032 -9.899002 9.109322 6.486256 0.737455
4 -6.665037 -2.938498 -14.828287 68.819575 -44.387756
4 -164.797357 -72.572516 -0.287129 178.202018 59.454982
2 -104.133056 141.879260 14.378479 39.302630 -91.427313
2 -74.523413 111.746071 -25.218548 6.724959 -18.729070
1 156.327378 6.459428 -91.265384 15.064901 -86.586324
5 49.787987 -17.349162 -13.897217 -95.288058 76.746451
5 -54.658044 -58.721223 37.961808 -18.082061 93.499519
5 -4.149540 -22.840103 -3.090964 -89.574954 119.655561
4 61.857198 -31.993059 28.504754 105.268141 -163.637036
4 -96.008072 5.306069 38.575550 39.731088 12.395363
3 -73.180769 72.939963 76.671568 -3.107449 -73.323315
1 44.854187 -5.761915 19.733429 -69.447048 10.621348
5 26.441334 -37.066522 -3.256974 -47.689079 61.571240
5 -12.041865 -72.203345 45.716385 -125.804994 164.333821
1 183.030270 -10.684494 9.183829 -29.553545 -151.976062
4 -69.577373 23.602716 -8.786473 73.666679 -18.905550
1 95.869040 -25.672235 13.683715 -43.099955 -40.780566
1 65.517337 -27.191831 28.376819 -37.023725 -29.678602
5 18.299801 -38.153767 -0.169595 -78.355078 98.378639
1 119.099437 -32.072120 68.629279 -54.975366 -100.681231
4 -15.869513 -96.515162 1.128363 108.025615 3.230695
4 33.042069 -20.749192 6.333117 79.947599 -98.573595
3 -73.570443 -9.213712 68.954407 7.758438 6.071309
4 -131.488414 -110.784158 35.044428 221.178798 -13.950655
4 -109.921993 -84.724039 33.990145 173.612223 -12.956336
5 -40.307056 33.172691 16.935342 -63.284669 53.483692
2 -44.720080 45.909764 14.166232 7.075807 -22.431724
3 34.493704 35.241535 55.350128 -75.497303 -49.588064
3 6.241902 34.595133 100.578356 36.083767 -177.499160
2 -15.392698 93.114245 11.456029 -5.959797 -83.217781
5 -132.892768 -40.708955 31.202928 11.895680 130.503115
5 -89.993301 3.842849 -11.401079 -32.304455 129.855986
4 -24.929256 15.776876 -4.316903 23.434955 -9.965673
1 40.977430 28.188979 -25.304555 -20.498898 -23.362957
1 138.154189 -30.917646 -48.238637 -40.474562 -18.523345
2 -61.052005 67.259737 62.791291 47.264195 -116.263220
3 -25.663755 -74.472122 205.935731 -91.837164 -13.962690
4 -37.713162 0.190619 -60.828216 123.816766 -25.466009
1 66.074001 -50.822735 -8.812226 2.506125 -8.945166
1 28.930921 -64.694577 11.076904 6.255893 18.430858
3 -6.825529 -10.792222 38.345419 10.443801 -31.171471
2 -80.530475 86.149782 51.957656 -36.364919 -21.212045
1 46.551690 -17.099257 42.186520 -37.130189 -34.508764
4 5.438447 4.396509 -2.561669 17.265449 -24.538737
3 -48.223418 17.552695 130.953274 -36.839335 -63.443217
5 -27.538608 5.559157 31.902191 -69.973372 60.050632
1 73.038905 30.663534 4.723723 14.868860 -123.295024
3 -39.822586 18.871286 45.988984 23.502946 -48.540630
5 -71.807268 3.614262 7.813123 -22.288953 82.668837
1 140.981789 -31.556531 3.474115 -59.386119 -53.513256
1 140.615552 -7.061600 6.401682 -71.635057 -68.320577
4 16.392155 -9.571752 -32.395065 59.976426 -34.401765
3 4.074883 -36.679380 78.968950 -51.636331 5.271878
4 1.404889 -13.478175 -18.183140 105.703566 -75.447142
5 -13.482619 -23.933652 38.976356 -114.632718 113.072634
3 -30.567759 -13.872994 61.730135 -13.084990 -4.204392
4 -82.184763 -18.696553 -28.185619 103.740525 25.326409
2 -49.637212 48.809672 12.487465 -43.494012 31.834087
3 -7.606750 -22.355925 48.623872 -22.300503 3.639306
3 -131.110263 4.080125 93.682466 88.390474 -55.042804
1 120.373665 -35.099866 3.783888 -17.267510 -71.790178
3 43.055039 -41.691427 52.007192 15.714195 -69.085001
5 -30.030993 -5.008284 -52.854229 -56.655427 144.548933
5 -43.388471 -49.711384 7.466632 14.156784 71.476439
3 -7.548213 32.556782 73.915622 -31.047348 -67.876844
5 21.453701 -71.190247 -32.173638 20.451416 61.458768
5 -101.461144 -18.986948 -60.290137 89.970606 90.767622
5 -15.925239 -46.885287 -5.947351 -40.299739 109.057615
2 -12.321724 52.322134 -51.849181 41.535816 -29.687046
3 22.837710 -28.982832 91.718411 -103.194142 17.620853
5 -61.017493 -125.180253 47.118319 53.622063 85.457364
4 -82.910704 11.937560 41.313928 45.824399 -16.165184
3 -149.416694 85.570193 173.511742 -115.819215 6.153975
4 44.567275 -71.199978 2.109841 116.071652 -91.548792
1 89.210521 -32.769701 -15.520621 -2.512531 -38.407669
5 -70.345633 -3.177112 56.874316 -50.821430 67.469859
5 -121.300337 46.617345 -49.056398 29.668008 94.071382
4 -116.100714 11.938127 -40.600534 165.538171 -20.775053
3 -32.322012 -1.634439 37.759711 -9.895898 6.092636
3 -71.565471 4.288086 33.850393 29.909308 3.517683
4 48.681235 -46.003722 2.253388 105.111302 -110.042205
4 -46.624381 -38.137779 57.023439 90.330110 -62.591390
3 20.095688 -69.778251 133.315008 -10.196273 -73.436173
4 -80.699306 71.956379 -57.798830 108.948586 -42.406831
2 -32.057030 19.204533 14.900089 4.568706 -6.616299
2 -57.261371 109.244064 -30.545394 -2.387568 -19.049732
4 24.448668 -60.365908 -92.885087 147.700987 -18.898661
2 -71.654957 98.013285 -16.023276 -3.520390 -6.814664
2 -90.084457 145.546412 12.731761 -59.762958 -8.430758
5 44.899074 -25.537980 -58.980633 -27.022109 66.641648
4 -107.612759 -88.335723 -36.601407 169.898640 62.651248
5 -13.079906 6.124469 12.404251 -51.915990 46.467175
4 -98.935554 -105.924406 -41.511758 172.840767 73.530949
3 77.664573 -9.204504 92.668419 -93.102590 -68.025899
4 30.375442 -65.362186 28.065783 33.239110 -26.318149
2 23.239680 73.844127 60.993117 -127.338792 -30.738133
3 48.156912 7.944824 50.139883 -52.109754 -54.131866
4 -45.334132 -19.925023 -72.015946 174.674283 -37.399184
1 57.606504 10.270950 46.191897 -26.226571 -87.842780
2 -127.242729 148.517998 72.687999 22.265563 -116.228831
1 37.810923 29.645777 -1.562353 -60.909133 -4.985215
4 -65.339859 46.851005 -79.438674 110.517982 -12.590456
2 -55.330521 118.963087 -13.800032 -115.813552 65.981018
2 -5.983650 123.760809 -68.885873 44.125259 -93.016547
2 -8.425336 95.288144 27.396564 -59.653365 -54.606008
3 -46.137487 -2.888808 120.018916 -61.043865 -9.948755
5 -24.596697 21.851544 -18.933259 -54.761379 76.439791
5 -68.741721 -86.545659 -27.552310 52.453976 130.385714
2 -39.922221 53.478282 53.351875 3.374958 -70.282896
2 -2.207122 78.118621 8.075489 -26.045056 -57.941934
2 -89.581880 114.368016 30.543428 22.043472 -77.373037
2 -54.117192 66.171481 50.796139 -27.959722 -34.890707
2 -71.515886 144.842296 37.221627 -17.560622 -92.987416
3 -58.194477 -1.767232 81.439147 -33.989606 12.512168
2 -16.433518 81.294601 19.545047 -35.982072 -48.424059
4 -100.101037 -18.637638 40.703801 286.575748 -208.540877
4 -10.141712 5.234988 -10.886674 64.462315 -48.668918
4 -90.423019 27.630139 -13.300422 51.762306 24.330995
4 -8.358670 -141.255694 -37.328394 131.447020 55.495737
4 20.512906 -2.148940 -52.356119 36.420470 -2.428318
5 9.077818 -96.499180 52.356596 -57.605250 92.670016
3 10.862914 20.297592 42.729730 -65.467574 -8.422662
4 -128.376721 46.152348 -73.275429 151.372975 4.126826
4 27.956727 -32.307451 40.036063 46.806828 -82.492168
3 49.864324 77.806063 103.369477 -68.565667 -162.474199
2 -98.870433 231.563166 31.851077 -98.574402 -65.969407
5 -122.034604 -28.452282 51.684037 30.517836 68.285012
1 75.850495 -27.256461 -10.794533 4.165323 -41.964825
5 -69.210126 82.083486 20.539402 -128.286017 94.873255
4 25.265090 -88.909047 -55.199376 157.921601 -39.078270
2 -6.584517 76.113569 27.093614 -18.833244 -77.789422
4 -29.649131 -9.327552 24.395139 27.964302 -13.382759
3 -126.777227 53.670654 61.180144 36.390047 -24.463619
5 -37.527876 46.442752 40.140630 -102.498982 53.443476
4 -12.397335 -41.368665 13.587098 103.910305 -63.731405
2 -109.415956 154.117350 -29.625039 14.216297 -29.292654
2 -54.433126 78.319620 -13.615578 0.972722 -11.243638
2 -55.195730 103.889470 44.353380 -78.561132 -14.485989
2 -114.751669 83.300367 19.244469 53.248841 -41.042010
1 77.078319 47.542481 -55.126493 -56.742485 -12.751824
4 -90.996483 -73.493856 -49.387401 162.786592 51.091147
2 -9.156779 91.936158 -14.158434 -8.823832 -59.797114
3 -30.470599 12.738405 145.689804 -91.919971 -36.037640
4 -3.566794 -7.634807 -32.617838 26.347121 17.472317
5 -69.883295 3.339508 9.776594 2.946629 53.820563
5 -65.136505 -65.107224 12.444788 -99.186495 216.985436
1 120.365727 54.315077 43.114276 -65.764261 -152.030821
1 79.073243 -34.006352 -36.046468 -14.961576 5.941151
5 -56.137815 -56.255850 55.556624 -9.017792 65.854833
5 -72.237019 29.046649 -43.466849 22.492566 64.164652
5 -13.601548 -88.616995 -22.352317 44.350557 80.220302
5 -22.287625 22.142878 0.192294 -78.389283 78.341736
5 -134.865545 -3.021484 54.408553 2.547705 80.930771
3 -1.689872 36.795477 47.834946 -81.270731 -1.669820
4 -54.450349 31.848384 56.504251 58.054952 -91.957240
4 -166.886088 -20.081548 -26.680853 164.829151 48.819336
2 -33.300518 171.002318 -17.508090 -16.502645 -103.691066
2 -198.237910 150.740414 42.165685 -46.031792 51.363603
5 -9.006809 -94.071745 31.443602 -35.686175 107.321127
4 -123.787369 38.859236 13.011194 51.662202 20.254736
4 -39.057785 4.132349 -38.469960 108.449483 -35.054088
5 -9.940190 28.553755 -9.797961 -138.444518 129.628914
3 -13.970654 25.749848 132.259882 -209.938162 65.899087
3 -26.598927 -4.213805 130.420397 -122.957327 23.349662
2 -99.422910 63.844809 52.985678 -17.762881 0.355304
5 -55.023000 45.666094 15.478436 -68.559770 62.438240
4 -119.966961 -20.287692 -16.448972 180.358765 -23.655141
1 25.602882 -10.902771 -19.831196 -13.047286 18.178370
3 -16.630064 -15.560615 105.552009 -53.280364 -20.080966
4 19.368734 -42.418019 -85.703039 109.563490 -0.811167
3 34.885403 29.250104 74.501497 -10.451414 -128.185591
5 3.619042 -10.249295 22.744139 -45.606564 29.492679
4 -93.152820 -116.929950 -0.632973 225.414571 -14.698831
1 118.817605 -9.810359 -84.180695 27.517090 -52.343643
4 9.328941 32.052298 -77.181173 50.435439 -14.635507
2 47.165285 61.103685 -13.023169 -51.146208 -44.099593
1 78.472975 -64.874294 72.150116 -42.960120 -42.788678
2 32.888229 47.305089 12.422029 -110.158022 17.542675
2 -46.651200 47.254348 -12.793292 8.567540 3.622603
1 101.625168 32.111674 -7.688007 -57.774702 -68.274134
1 59.218862 -107.045171 51.364750 3.662606 -7.201048
1 190.635607 -39.247876 -37.889066 -6.380462 -107.118205
4 19.652343 10.786002 -59.968225 20.758653 8.771226
5 31.434957 -25.540032 21.253951 -65.801397 38.652520
3 -79.698956 -24.814207 59.708100 16.181269 28.623794
1 39.363312 38.038186 20.251612 -54.567966 -43.085144
4 5.153886 -67.025008 -18.866617 43.782918 36.954820
4 48.659484 -10.964269 -100.163822 77.065249 -14.596643
5 -107.346406 13.400075 40.494361 -41.242821 94.694790
3 45.745317 -37.749314 59.188520 -51.065737 -16.118786
4 18.376807 10.363999 35.027573 73.487934 -137.256316
4 -30.215574 -26.750673 25.352589 72.530855 -40.917199
2 -6.855406 30.944866 -24.018491 12.715319 -12.786289
4 -145.597386 -80.118234 -52.658974 241.364524 37.010069
3 -22.768704 1.333228 59.404238 -95.422403 57.453641
5 -63.512403 31.073728 -50.774982 22.132768 61.080889
5 -51.024614 -44.547960 8.546284 -106.928661 193.954952
5 -43.947391 -14.493695 2.887799 -72.786940 128.340228
5 -13.107931 -55.691261 -77.133556 -25.891786 171.824535
5 -172.624564 -70.247358 1.581258 109.768237 131.522427
5 -52.992170 -15.678967 17.170847 15.072519 36.427771
3 -70.380402 -36.084478 106.057608 63.396935 -62.989665
4 -1.844584 34.931895 -22.865776 54.775830 -64.997365
5 18.370774 -52.354304 8.083699 -50.184294 76.084125
3 8.150409 -79.562220 60.169689 -41.223052 52.465174
5 -77.672619 -72.579839 6.949084 34.135591 109.167783
3 20.199439 -32.740206 52.609829 3.053958 -43.123021
5 -88.882070 -26.604803 59.204049 -100.528491 156.811316
5 -20.354971 -52.847148 72.628124 -82.886753 83.460749
2 -10.851933 75.431583 -1.275396 5.922391 -69.226646
2 -121.630861 190.662273 -99.421513 58.986534 -28.596434
4 -35.367112 -126.119310 -57.529641 267.954721 -48.938660
3 4.738594 -20.487049 43.541382 -28.662732 0.869805
1 102.039692 -78.344086 -37.042203 88.508040 -75.161444
5 -52.743890 -37.203116 18.198403 -18.189569 89.938172
5 -142.506565 -19.522243 16.118644 -24.447000 170.357164
2 -18.757464 98.646241 54.896569 -181.714012 46.928665
5 2.300727 -72.177704 -30.550036 28.206345 72.220667
1 38.961672 -14.905762 9.152344 -51.374230 18.165975
5 -21.570509 31.048193 21.161985 -84.935241 54.295571
5 -220.853214 23.336438 60.841476 17.236247 119.439054
1 16.171898 10.865491 -27.986189 12.010766 -11.061968
4 -9.200017 23.585793 -28.304812 36.800043 -22.881009
1 23.262000 18.302681 7.633903 -45.812657 -3.385928
4 -80.019393 -43.085718 28.162465 113.955424 -19.012780
1 71.059792 -45.563498 66.093002 31.368763 -122.958061
5 16.236819 -1.813749 -34.493537 -70.322237 90.392705
4 -73.400162 -132.839740 44.556582 220.424082 -58.740764
5 -24.943544 6.595800 17.610004 -57.231180 57.968920
5 -54.303804 6.235185 26.435653 -31.499271 53.132236
5 -19.156075 8.556279 -11.045702 6.478215 15.167281
1 28.803485 -10.628736 13.496289 1.233460 -32.904498
3 -26.909283 -46.628951 67.265824 -41.762750 48.035159
4 -75.760707 23.759629 61.593735 67.503450 -77.096108
1 50.645976 -19.628355 -25.025855 0.880875 -6.872642
1 44.868887 -39.605665 -30.497629 3.256088 21.978319
2 -22.158659 47.189740 -20.426901 -49.878315 45.274135
4 -59.619189 -46.185649 29.794721 124.767801 -48.757687
1 103.023366 -52.224601 -37.095494 40.935707 -54.638980
2 -45.185443 80.581621 26.456834 -82.366702 20.513690
4 -57.780067 -107.012272 -23.872850 201.657270 -12.992083
3 -44.152860 5.508009 68.486096 52.827223 -82.668469
5 -197.534280 25.090383 -8.677818 83.368868 97.752847
4 -107.214268 -106.630103 14.703820 147.199826 51.940723
1 80.277625 5.016023 5.523106 -87.496987 -3.319769
5 -53.968468 -13.772470 12.523809 0.594735 54.622394
4 -129.565765 -37.807799 82.207600 85.547077 -0.381115
3 -67.429136 -42.195142 160.690522 -98.699347 47.633105
4 13.252031 -74.524577 22.974696 145.396103 -107.098255
4 -160.917154 -27.421334 7.953308 291.651046 -111.265870
4 -60.118043 -7.223681 30.669497 167.341598 -130.669374
4 71.650614 -37.955563 -2.862074 75.049466 -105.882445
4 -160.460771 -25.723043 62.691134 252.596896 -129.104220
2 -23.911809 42.696532 -0.537262 21.733896 -39.981359
1 109.809562 -21.538568 -45.452441 -78.395354 35.576800
2 13.882868 26.645644 -16.630039 -34.543444 10.644970
2 -12.115096 23.882375 9.419016 -40.832843 19.646548
1 50.838789 -93.022724 -14.156516 46.980482 9.359968
1 119.288071 -132.518306 11.890075 61.692873 -60.352715
3 27.904665 -23.014440 86.304123 -112.192167 20.997819
1 79.591395 -85.695162 36.732759 -28.455577 -2.173415
2 -11.099251 33.621291 23.170965 -18.951974 -26.741033
1 41.449473 7.017030 9.995736 -23.047803 -35.414437
4 33.705491 -22.635937 -66.062645 71.389770 -16.396680
1 217.086975 -154.552291 12.793468 -77.582968 2.254815
3 -69.896813 21.558782 64.220953 50.430648 -66.313571
4 -34.989409 -83.916237 -42.595385 187.124921 -25.623891
3 12.776050 -17.027979 43.709105 -42.397335 2.940158
2 -146.293875 84.374585 25.704105 -9.238037 45.453222
5 66.909419 12.101824 -176.496213 -37.082520 134.567490
2 18.133980 38.525963 0.132859 22.039652 -78.832455
3 -25.563861 9.374561 38.825845 33.597006 -56.233553
4 37.358943 20.719750 -39.079337 39.125068 -58.124425
5 -92.538793 1.750640 17.459489 -6.101301 79.429964
4 -37.946363 -90.101592 -42.671580 254.419548 -83.700016
1 20.919782 6.871760 14.176215 10.746285 -52.714043
5 28.117951 -1.872999 14.749890 -129.153077 88.158236
2 58.192595 77.854689 -9.892993 -166.550822 40.396531
5 -19.404171 -7.236957 8.594092 -43.731801 61.778837
5 -14.418236 -18.418212 -31.040561 -41.636207 105.513216
5 2.111787 -36.996167 -6.763970 -25.149640 66.797991
1 145.435222 -39.240286 -16.544470 27.463355 -117.113823
4 23.448406 -47.177618 12.251626 48.613790 -37.136205
3 -23.616297 -37.805801 49.682997 -34.933800 46.672901
5 35.194426 -18.224254 -10.196862 -84.851909 78.078598
5 65.514355 -72.689672 -17.205128 -119.872213 144.252658
5 3.069737 -28.266299 -32.821528 -47.146411 105.164501
5 -77.145470 59.821603 33.210458 -94.909119 79.022528
5 40.334070 6.547110 -45.332527 -116.463023 114.914370
5 -80.604468 -52.947215 47.730654 -80.447235 166.268264
5 -25.869017 -25.101947 -2.492997 -9.316457 62.780419
4 -9.089335 -13.258358 -3.932595 38.520727 -12.240440
4 -21.127264 21.940610 2.817424 33.360062 -36.990834
4 -54.680553 26.719197 -27.069677 143.848840 -88.817809
2 -34.816569 98.611980 24.938902 -41.524482 -47.209831
4 -24.684505 -75.801609 35.013055 50.809136 14.663922
4 -5.195144 -27.403117 63.039328 70.058198 -100.499267
3 -42.096698 25.209153 89.429442 -60.050681 -12.491217
3 -13.411457 -8.707545 64.251327 -61.618653 19.486328
4 -28.721759 68.625230 -79.399443 115.007019 -75.511050
3 -42.629668 33.436636 44.999244 -12.830190 -22.976023
3 3.858874 -63.855022 58.605427 -12.338424 13.729145
4 -120.518456 -50.862956 -22.599075 154.205726 39.774760
2 -94.368231 141.351677 62.314204 -178.801495 69.503845
1 46.548975 -2.560404 -6.626539 33.682117 -71.044151
3 -65.220453 82.360374 101.279678 -138.272015 19.852416
2 -5.408562 69.441306 31.351073 -42.931856 -52.451961
2 -60.279689 44.342373 -32.648200 8.528474 40.057040
5 -40.853036 3.434221 -34.179993 26.659862 44.938945
1 56.697188 -21.253230 9.546079 -49.729371 4.739334
3 -1.527682 -20.804595 47.424383 -10.807302 -14.284805
1 83.759223 28.590455 -50.580084 -60.403778 -1.365818
5 20.773907 7.757407 10.096758 -65.124076 26.496004
4 -126.156282 -145.125448 11.780502 234.158451 25.342775
5 -115.670200 5.842834 66.683845 -75.501544 118.645065
5 6.696003 -45.259492 0.478317 -5.452804 43.537974
5 -83.365527 -45.913374 85.877098 -122.777860 166.179664
5 -9.744504 17.804053 -24.097269 -25.316369 41.354088
4 18.229128 -3.309006 -113.780143 171.361152 -72.501132
2 66.937576 82.581111 75.583800 -124.528239 -100.574249
1 65.391061 -43.315604 32.712833 -19.614158 -35.174133
3 -75.273546 3.195527 32.481961 25.042948 14.553109
2 -96.760319 96.781619 20.190658 -102.237152 82.025194
1 97.660026 -107.914364 -32.438024 77.300717 -34.608357
4 -134.914971 -82.764099 -49.677030 242.822654 24.533444
4 -121.094891 -45.442797 31.007101 212.289685 -76.759100
5 -20.031360 -50.580644 18.524201 0.854077 51.233725
5 -18.049951 -25.023265 43.630639 -46.047516 45.490093
5 -98.883582 -43.435766 74.644590 -30.536868 98.211627
5 52.487971 -79.365092 12.015542 -100.421856 115.283435
3 0.200405 -4.531228 30.955715 -0.964936 -25.659957
5 3.495844 -42.449061 4.218745 12.559294 22.175177
2 29.950877 71.637881 54.158630 -176.627806 20.880419
1 73.252255 -5.091722 36.834378 -73.381283 -31.613629
1 51.998378 42.966124 35.287273 9.833492 -140.085268
2 -104.753198 61.096030 31.258000 27.053137 -14.653970
5 -55.822523 -59.497396 34.744075 -5.914527 86.490372
3 29.145539 -87.078138 45.124468 -23.234494 36.042624
5 -3.141825 -88.458340 -34.936041 13.033138 113.503067
5 -13.667740 -49.333087 -24.359761 -24.011089 111.371677
5 37.540788 -9.642284 -43.087631 -90.357778 105.546905
1 107.136635 -114.341419 23.003238 -6.230369 -9.568086
5 -24.703317 -17.957027 -25.243775 -28.873379 96.777498
5 -11.579338 4.356632 -26.837618 -62.310379 96.370704
5 35.755725 -19.499807 -66.709722 -9.627084 60.080887
1 103.870327 12.681548 -105.310096 -69.496729 58.254950
4 71.271254 -54.830832 18.236568 71.401210 -106.078201
5 -66.049177 -4.004190 21.700530 -45.333658 93.686496
2 -26.546527 37.975160 8.964584 12.850631 -33.243850
4 -85.673052 17.393174 -90.235145 154.471020 4.044001
4 15.052086 40.709481 -45.063436 49.535732 -60.233864
3 33.082227 -11.633798 92.074028 -75.612528 -37.909929
1 51.628501 -4.140871 -60.131842 40.320701 -27.676491
4 7.751126 0.472549 20.132748 75.895910 -104.252335
5 67.724073 -4.005083 -24.091825 -140.310103 100.682939
2 -47.832374 75.370464 -19.699299 -82.240479 74.401688
5 -23.207740 24.458985 -10.323691 -35.963880 45.036326
3 -5.846187 -41.301645 86.183693 3.886574 -42.922435
1 24.262217 -59.250248 3.689717 13.810499 17.487813
4 -28.075058 -147.587700 59.372161 180.467347 -64.176753
4 -4.937359 55.482887 -35.376656 64.887290 -80.056164
5 -45.530866 13.018673 9.745954 -37.670149 60.436388
1 31.115977 27.980616 6.351139 -34.898832 -30.548900
4 -39.358759 -64.015435 -74.557896 160.433848 17.498241
4 -147.829389 -79.994432 8.361422 161.753617 57.708781
2 -93.711932 65.619871 49.803318 20.898022 -42.609280
3 42.471301 22.540506 47.232483 -52.186263 -60.058028
2 -33.243099 50.843810 3.619865 -8.171297 -13.049280
3 -73.313115 -26.591065 79.229280 61.377653 -40.702754
5 -28.909961 0.307968 -40.531114 -16.335270 85.468377
1 78.184376 -43.693180 50.976199 -20.431296 -65.036100
1 34.550635 4.483486 15.693766 12.667212 -67.395099
1 99.305336 -70.059845 -18.231501 33.596010 -44.610002
5 40.130778 35.890447 -28.754589 -143.315709 96.049074
3 -25.665458 20.145390 151.921030 -134.777994 -11.622968
3 -60.823141 -11.167571 55.986149 -22.817173 38.821735
2 -35.302099 35.002244 25.782231 -21.101497 -4.380880
3 13.760928 5.937331 65.583233 -6.057261 -79.224232
2 -4.139021 47.475830 16.126735 -20.842767 -38.620778
5 -97.012574 63.831855 52.781671 -112.795197 93.194245
1 85.110612 -5.634077 -15.230086 -71.561880 7.315430
1 44.063274 -17.901650 38.490116 -27.386271 -37.265471
3 54.835960 -16.345393 76.416102 -34.018609 -80.888062
5 -94.097536 42.015225 -5.529239 -48.111291 105.722841
5 -68.425326 25.359706 -58.764942 -64.626126 166.456689
3 -58.305603 -42.987638 137.820902 10.160186 -46.687848
5 -161.397397 -82.152314 67.955827 -5.982295 181.576180
5 36.455954 0.374984 -45.434641 -150.469864 159.073567
2 -58.815569 55.596993 40.439555 52.014040 -89.235021
5 -38.555063 -36.856648 19.483981 -27.266533 83.194264
5 4.759937 -21.304123 -51.033016 -42.056679 109.633881
4 -125.093981 -18.237839 19.653102 115.205988 8.472728
4 -12.784188 -126.000401 -57.196198 273.017885 -77.037100
4 5.717931 -124.570487 -64.918877 295.801153 -112.029724
2 -43.914224 36.973935 15.418235 17.532562 -26.010510
1 119.883010 -56.748671 87.959047 -169.361230 18.267845
2 -11.043057 50.334172 1.730439 21.853332 -62.874888
1 54.852789 -42.138774 -0.577494 21.555394 -33.691917
4 -58.288867 24.853902 26.336151 53.427009 -46.328196
3 1.324087 -16.248074 35.398674 -2.412938 -18.061750
3 -49.566624 17.114377 108.731652 -70.308437 -5.970969
1 67.166976 -31.363047 -40.293142 60.667319 -56.178108
2 -21.813547 87.175709 41.202114 -24.516996 -82.047281
2 -34.985153 114.573101 39.014699 -183.795712 65.193066
5 -88.738161 -26.884221 -3.405732 -35.320064 154.348178
3 -18.171805 20.127733 68.732791 -59.680308 -11.008411
4 -208.106415 29.954113 -5.201440 148.971226 34.382514
1 29.018806 -7.038599 2.730759 24.296565 -49.007533
1 99.221270 -48.886308 -36.589432 -34.259510 20.513979
4 -116.594809 -139.787533 -18.042314 350.661321 -76.236669
3 -64.298184 -46.261610 52.165845 20.420241 37.973709
3 -64.169315 -12.283368 90.111333 -15.034403 1.375753
3 23.927737 -77.794021 124.021269 6.855482 -77.010467
5 12.744582 -83.519877 66.728060 -65.789622 69.836858
5 -22.281474 -56.575217 -5.418973 -13.284298 97.559962
3 6.419780 19.639169 135.235996 9.967352 -171.262299
5 -60.524966 21.370609 -9.165706 -21.933033 70.253097
1 126.735507 -24.959532 -7.145419 -26.776201 -67.854357
1 41.296705 -20.592986 15.059283 -47.265139 11.502137
4 -4.390144 21.522321 -47.210099 83.091267 -53.013347
5 -48.600182 16.728973 -38.044388 -108.920927 178.836524
5 -149.612331 70.946462 45.123880 -97.920770 131.462760
2 -79.662496 116.309386 29.499499 -117.614009 51.467620
2 -13.394768 153.504542 -4.688336 -249.543049 114.121612
2 -98.740701 77.598171 33.310778 -41.335179 29.166931
2 11.884429 61.687255 4.950771 -69.629007 -8.893447
4 -45.228391 60.557362 -16.764247 80.498078 -79.062803
4 -7.533661 13.204663 18.017432 38.591264 -62.279699
5 -78.366421 44.967949 -17.610123 -36.855662 87.864257
1 45.260020 -15.409931 41.678464 -41.047299 -30.481255
5 -43.962075 -35.183758 38.610656 -14.492661 55.027837
5 -79.363010 -46.195793 -32.954723 46.240123 112.273403
5 -17.954664 -86.696940 -39.497330 44.097642 100.051290
3 -11.074743 -35.230147 27.038782 16.006631 3.259476
5 52.457223 -71.008313 -55.636900 17.323593 56.864396
5 18.488592 -54.421899 55.862183 -76.028649 56.099773
4 -102.994764 53.450565 -10.723092 84.195679 -23.928390
2 -65.657891 78.073432 30.355760 -4.204553 -38.566750
3 -95.503214 26.910530 181.099858 -106.972429 -5.534746
3 -12.248340 -14.344706 21.473452 19.374057 -14.254463
1 50.688907 39.749080 -41.769403 -49.383925 0.715339
4 12.977605 -93.130678 -25.650861 90.122796 15.681137
4 -19.328623 -62.990697 30.720013 36.329817 15.269489
5 -58.051645 -31.848028 -64.107015 12.511651 141.495036
5 -56.853357 4.078352 -72.729084 -59.247998 184.752088
5 -196.281210 37.414238 66.586193 -60.053063 152.333843
5 -37.222135 62.873543 -4.211474 -149.694771 128.254837
3 -5.500985 30.446694 58.192002 27.764444 -110.902156
3 -16.588390 -2.238093 111.768938 -108.148453 15.205997
3 -42.322427 -12.529124 72.125355 -46.834888 29.561084
5 -75.613445 36.860771 -50.061502 -0.009201 88.823377
1 42.570445 -64.577794 3.392716 17.114968 1.499664
3 -35.161257 -30.622408 87.013668 -78.103938 56.873936
1 148.253185 9.451251 -5.559259 -77.728041 -74.417137
4 -112.449473 -69.331922 -75.810871 230.614827 26.977437
4 -206.628408 -5.183697 14.867221 203.486911 -6.542029
4 -8.585724 30.569446 49.292570 84.494113 -155.770407
4 -72.272480 -23.596096 31.226042 126.813497 -62.170965
1 32.280768 -1.029677 31.287379 -15.132036 -47.406435
3 -1.644200 6.893270 79.648689 34.319513 -119.217273
4 -44.795571 -77.542556 -6.499162 91.973344 36.863944
3 3.800683 -8.285905 118.031560 -102.627069 -10.919269
4 -172.255984 -49.334243 23.614882 193.227300 4.748044
1 83.074921 -78.302969 -18.928310 1.832578 12.323780
3 -28.005453 3.512501 118.139015 -69.400329 -24.245734
2 -55.074671 38.843805 0.117423 -1.073639 17.187081
2 -8.949722 51.311162 35.247912 -92.405173 14.795821
4 -122.645640 -49.485197 -50.165308 175.511047 46.785096
1 95.254755 92.224282 7.362111 -169.788356 -25.052792
1 128.134485 -28.601768 82.658755 -124.423909 -57.767563
1 99.797289 32.106744 80.110991 -78.915344 -133.099681
4 72.099258 -78.697642 20.665619 80.338124 -94.405360
1 163.843748 -153.619832 12.669029 7.936545 -30.829491
4 -108.827404 -57.415377 37.050180 167.168632 -37.976032
4 -34.241708 -7.877449 37.874215 135.377299 -131.132358
4 -4.240842 -26.181765 -40.497575 83.466019 -12.545839
1 123.667475 -46.216450 37.340313 -60.956268 -53.835071
4 -108.028222 -94.334771 17.565732 158.433384 26.363876
2 -47.545420 48.367864 -52.399407 32.389389 19.187573
3 -80.671909 10.820501 86.336420 -19.418886 2.933873
4 -165.073297 66.083997 2.502319 67.297172 29.189808
4 -16.080214 -67.218104 23.264842 108.653435 -48.619960
4 49.826256 -14.254439 -38.229466 90.496016 -87.838369
5 -20.818860 38.379615 -34.009867 -94.762373 111.211486
1 59.048329 -35.737709 -43.271750 32.946571 -12.985441
4 -67.880567 7.838902 -22.520631 65.637204 16.925091
2 -125.214986 143.812985 -20.907617 78.212755 -75.903138
4 -70.984377 -32.128843 -12.759519 65.036673 50.836066
2 -81.609432 117.046580 25.873752 -17.735216 -43.575685
4 -122.151519 -43.994987 9.939802 113.949071 42.257632
1 94.979757 -55.601377 -51.950009 -34.338712 46.910340
3 -60.191578 -4.151973 76.778976 10.945769 -23.381194
3 -62.882447 18.604636 30.867322 -14.385953 27.796441
5 -58.302867 -5.156930 41.033874 -96.920703 119.346627
5 39.353196 -32.856389 -40.723051 -25.479480 59.705723
5 1.660594 -40.007526 -14.963786 -72.162823 125.473540
1 49.794330 -21.194954 -43.687191 15.678202 -0.590388
5 48.614120 -10.080222 -71.846092 -22.493663 55.805856
5 -48.043126 -55.875079 -24.528259 47.677127 80.769335
5 -64.644929 -35.696363 8.448658 -16.869008 108.761642
5 106.499863 -172.351849 -74.579846 8.276356 132.155475
2 -73.994617 91.879493 48.337878 -80.206507 13.983753
4 -110.672055 8.478302 14.793089 135.563350 -48.162687
1 136.900225 -70.923807 -63.937108 28.954504 -30.993815
5 -58.710118 -8.107007 28.457765 -29.098695 67.458055
3 7.862346 -11.697739 85.915956 14.133007 -96.213571
2 -67.028570 117.800176 35.895797 -59.384314 -27.283089
2 -59.314113 44.022007 29.319695 13.008021 -27.035610
4 -63.633474 -88.931895 3.476897 135.082621 14.005849
4 -200.268659 -113.892213 64.643451 206.652503 42.864918
5 50.512399 -128.846826 -35.595015 11.817290 102.112152
5 -94.855364 2.905963 -38.508441 47.779744 82.678097
1 48.956301 -38.904355 27.399238 -57.315168 19.863984
3 -47.393700 -38.352583 123.295381 -63.093757 25.544660
4 -92.267552 -136.596591 6.388346 167.839871 54.635925
1 75.537389 -59.063462 51.709594 58.797169 -126.980692
1 104.040182 -70.855962 -12.859074 48.843691 -69.168839
3 4.057730 28.811824 48.969276 -20.544523 -61.294307
1 80.263816 -39.920904 5.358790 -26.246595 -19.455108
1 101.869085 -58.568653 -4.330481 47.517343 -86.487296
1 156.632590 -48.377368 -32.669042 -4.667878 -70.918304
1 81.021426 -31.969139 -38.375410 68.214528 -78.891406
1 135.191057 -33.481617 36.333104 -3.509227 -134.533319
5 -52.181880 -55.901883 62.459026 -48.075174 93.699912
4 -128.630387 5.912565 -10.386578 95.486019 37.618380
5 -51.346744 25.450648 -30.480442 -87.580094 143.956631
5 -7.977802 -37.740189 44.390430 -72.555271 73.882831
1 39.366911 -39.759541 25.107360 35.925811 -60.640542
5 -10.801545 -38.663475 34.606570 -47.334416 62.192865
3 49.407482 12.670197 57.476363 -59.453354 -60.100688
3 25.936501 25.434869 63.272416 6.920593 -121.564380
1 38.041408 13.967262 -30.128359 10.630092 -32.510404
2 -53.628318 132.750428 -32.909802 -18.207708 -28.004601
3 21.985059 -48.674226 83.753579 -54.208888 -2.855524
1 92.214989 -65.870770 -30.169372 -0.299856 4.125008
3 -54.642150 24.999733 101.727770 -83.698744 11.613390
4 100.726602 -97.064915 -6.285714 109.233069 -106.609044
4 -103.699410 -48.049507 -8.621298 195.425255 -35.055041
1 48.398288 -37.496601 6.732829 32.542420 -50.176936
3 48.857268 22.786130 55.431702 -40.392267 -86.682834
4 -9.059473 6.043953 -37.998037 38.407753 2.605803
3 58.442194 65.818215 81.733837 -101.747362 -104.246885
1 42.336644 -10.473136 -1.644402 -13.195021 -17.024086
4 -103.769695 -6.299240 8.726581 110.075561 -8.733208
4 -116.209114 67.175906 33.945296 124.890383 -109.802473
1 95.617035 -17.907317 34.275928 -85.157732 -26.827914
4 25.824469 -15.492167 -45.565410 100.575565 -65.342459
2 30.830120 66.137744 46.042858 -175.718484 32.707763
4 -116.272657 -13.155949 25.288715 65.399390 38.740501
5 -0.952872 -64.251840 -0.688096 -63.103945 128.996754
3 -27.171330 41.935430 42.829674 14.116797 -71.710571
4 -24.304592 30.898832 32.797071 63.282303 -102.673616
4 -99.916539 17.199679 39.857678 110.965028 -68.105847
4 17.622213 31.160411 32.385587 100.661695 -181.829908
4 -29.836395 -36.503152 38.058376 70.215829 -41.934660
3 17.495569 24.255335 32.984449 3.025684 -77.761038
2 -45.468036 105.575360 4.621911 -11.249521 -53.479714
1 122.139903 10.094008 -98.360570 -55.123731 21.250390
3 0.200311 -49.842515 31.672832 4.494005 13.475367
5 -61.818759 17.305977 -10.473416 -25.144626 80.130823
4 -100.665742 -33.169753 33.603319 129.048827 -28.816653
5 2.481753 33.790403 -59.458977 -31.868325 55.055145
4 -131.557291 -23.854650 -12.873382 172.679001 -4.393680
5 -31.391167 -46.214976 0.663337 -37.446197 114.389003
5 -41.449024 10.402170 62.717010 -109.562505 77.892349
3 -26.358257 -39.128938 89.149421 -56.994669 33.332443
3 -56.354950 26.965282 48.403916 41.527958 -60.542207
2 -65.659354 115.411021 10.227299 -25.133751 -34.845215
3 -74.220410 12.393789 35.558583 21.350103 4.917935
5 -75.485693 5.810342 38.458397 -16.558142 47.775095
5 -23.129244 -79.021421 10.621094 -96.715915 188.245488
3 -88.410428 38.796442 57.955836 -16.319978 7.978128
5 43.335561 -114.428133 18.472153 -2.213367 54.833785
5 43.587065 -32.196951 8.997315 -64.564751 44.177322
5 -94.102976 -28.739850 21.007747 28.032090 73.802989
5 30.503343 -98.586702 45.489386 -93.528464 116.122438
5 -44.354675 5.684533 -20.440510 -59.681232 118.791883
1 60.380039 5.385603 11.711049 -21.068388 -56.408304
4 21.520815 -100.052971 -21.360196 112.636886 -12.744535
4 -69.074325 -51.867697 41.518573 55.171521 24.251927
5 -62.275463 3.546062 -12.710123 -18.885780 90.325303
4 -196.687053 -26.303750 -21.711972 224.393243 20.309531
5 -16.744380 57.324222 47.174032 -163.231216 75.477343
2 -52.303670 126.686827 23.014250 -93.039012 -4.358395
1 47.837245 -1.454614 12.005277 2.112931 -60.500841
4 35.467609 -43.704411 24.847433 59.235891 -75.846523
4 2.212912 39.573330 -71.159504 64.557097 -35.183837
3 -15.310782 23.344493 72.215550 -61.757666 -18.491595
3 1.584020 -39.241464 109.701921 -96.802168 24.757691
1 47.389362 -40.530806 8.338669 29.826897 -45.024123
4 -103.936807 65.236416 42.910344 92.440413 -96.650368
2 -55.232100 92.922432 18.084524 -23.354444 -32.420412
5 -13.479638 -14.629765 -0.110287 -57.416905 85.636596
1 82.726609 66.368135 -10.074746 -89.979712 -49.040288
1 44.078238 25.694283 41.320707 -12.940535 -98.152694
2 -142.193611 140.613863 47.162444 -6.665031 -38.917666
4 18.026795 -6.372331 -67.827743 178.621093 -122.447816
5 24.192541 -69.395454 -33.625603 18.767092 60.061423
5 -50.401915 -37.191231 19.517453 -104.549394 172.625089
5 -78.587077 -32.857923 46.362012 -93.434397 158.517385
3 -30.015980 13.890723 24.661316 -28.693010 20.156951
5 -7.745379 24.314454 -29.364237 -42.960562 55.755724
5 23.314478 6.030093 -21.762970 -84.281464 76.699863
5 -39.354610 42.002183 4.395429 -51.248657 44.205655
3 -107.292403 35.225202 107.529283 -34.133585 -1.328496
3 -16.177973 47.535472 69.948009 -60.726893 -40.578615
1 38.943401 21.033728 -15.119805 -36.961682 -7.895642
5 13.543630 8.637897 -73.734073 -17.927217 69.479762
4 -89.760458 -45.841095 5.497725 116.951084 13.152743
5 -81.227679 -67.058714 50.484943 -23.737768 121.539218
5 -148.856039 -19.281761 -67.531105 63.322415 172.346490
5 19.171020 -57.332333 4.374402 3.523005 30.263906
4 8.700162 0.469847 5.282052 27.212393 -41.664455
4 -8.555029 -116.657344 10.899140 69.284972 45.028260
2 -89.694729 194.439027 -128.314412 -6.824353 30.394465
5 44.085784 -45.404733 -65.406032 -1.564922 68.289903
5 -73.745736 -20.100320 -0.569390 -34.176536 128.591982
4 -67.402821 -32.063399 8.533669 152.617453 -61.684904
1 103.972966 9.862890 -89.279496 -14.675127 -9.881234
2 -19.695360 27.479503 3.526806 27.178115 -38.489065
5 -8.987740 -9.468908 -27.927093 -18.733355 65.117096
1 100.008979 -90.596859 61.553110 -2.478614 -68.486617
1 162.042256 -35.136290 8.733818 -60.337082 -75.302703
4 -4.151257 -15.160658 -46.718840 128.578246 -62.547493
5 -21.795041 3.220774 15.474227 -39.729985 42.830024
4 -138.293433 -116.108088 10.782763 222.490395 21.128361
4 -56.561090 -57.513016 -38.433127 147.229455 5.277776
2 -112.413148 57.415728 21.459807 7.047977 26.489636
5 -8.786654 -81.950838 74.652267 -94.157468 110.242694
4 -126.742236 18.711365 -55.016960 118.572490 44.475339
3 -21.416041 -23.456728 51.152853 20.241762 -26.521846
4 -63.510253 -18.813322 -30.091046 116.588586 -4.173965
2 -131.406980 122.050479 11.547673 -83.517430 81.326258
2 -45.584130 101.848571 66.358701 -79.866202 -42.756940
5 -18.961722 5.778854 -11.760571 -55.301154 80.244593
5 -75.917058 40.985245 31.061483 -49.780427 53.650757
5 34.615986 -82.480977 -24.273481 14.183909 57.954562
5 -94.416335 36.032566 -71.108244 43.567864 85.924148
5 -59.622637 -32.335087 32.944732 -61.474191 120.487183
5 -27.717677 10.022544 -54.270776 25.922769 46.043139
5 -53.889642 -110.606195 54.797629 -28.485493 138.183702
5 -16.872624 19.000569 -33.522399 -38.020090 69.414545
5 21.138861 -47.859000 -18.642506 -30.365715 75.728359
5 12.763744 -18.808719 -27.544929 12.475894 21.114009
2 16.372149 44.188399 -57.844545 -25.341342 22.625338
5 -100.222548 -20.418917 26.361214 19.931461 74.348790
5 -33.107128 -20.106899 -12.314277 26.248984 39.279318
5 -102.027218 -0.909788 46.467536 -31.346014 87.815484
5 -9.446298 3.633337 -51.755743 -197.190339 254.759045
5 -9.513851 -20.296324 -54.390602 9.325666 74.875111
3 38.989670 -44.897136 125.416630 -39.109165 -80.400001
1 67.217208 -18.245685 62.320737 -29.279321 -82.012940
1 75.340448 -20.174216 14.971286 -66.272761 -3.864757
1 66.200444 -44.494741 54.737512 -57.994871 -18.448344
4 -91.971567 16.402504 -8.932420 208.502826 -124.001346
4 19.572732 24.661455 -11.653791 44.200548 -76.780945
3 -47.978075 20.317700 29.685553 13.294501 -15.319679
5 -53.570024 -30.939557 47.738242 -61.067956 97.839295
5 -172.217153 -72.102658 -49.035896 132.903580 160.452126
1 44.833576 25.806109 28.043715 35.788543 -134.471945
1 103.620123 -112.952234 55.377314 -83.244652 37.199449
5 -22.863726 -166.323562 92.499097 -41.617723 138.305914
3 27.540330 -81.780616 53.966093 -11.848812 12.123004
3 10.065535 12.421707 64.599620 -94.393601 7.306740
2 -29.207749 40.119638 25.455416 -42.985273 6.617968
3 -48.445838 60.269785 66.428870 -37.859787 -40.393031
1 46.179746 -26.419544 -4.984560 -34.575087 19.799445
5 36.654894 14.504132 -35.786455 -55.736862 40.364290
4 5.467454 -56.530876 -37.447116 204.249291 -115.738755
3 -141.443383 64.182471 88.677291 36.398014 -47.814394
2 -38.375172 48.560911 -31.805986 4.819921 16.800325
4 37.208912 -39.299783 38.325608 143.706370 -179.941109
1 122.915954 -36.129416 87.152865 -115.242605 -58.696798
1 74.194057 -80.275267 25.821053 72.182090 -91.921935
2 41.356878 52.867760 -18.976950 -103.805559 28.557871
5 -72.843103 10.103326 38.402677 -36.531434 60.868533
2 31.823392 101.698873 -39.104312 -126.876999 32.459046
5 -152.072390 46.128346 36.934128 -66.571603 135.581519
5 13.717382 2.478712 -38.906025 -8.693027 31.402959
5 -87.667617 -37.300795 -9.317616 2.902916 131.383111
3 -139.011080 49.982836 99.729585 -43.425500 32.724159
2 -149.868867 231.979983 45.483443 -190.692891 63.098332
2 37.899777 94.054635 -70.100360 -54.048165 -7.805887
2 -47.806236 124.501243 -24.298403 -71.184278 18.787674
3 -18.976507 11.334526 21.790605 -31.204003 17.055379
5 14.119053 14.164362 15.740334 -70.492725 26.468975
2 -81.434960 78.776501 35.901805 0.086134 -33.329482
1 104.763409 54.831093 -77.704957 -153.304803 71.415259
4 -61.131063 -65.647048 3.386085 90.159416 33.232609
2 -33.225963 39.578714 -7.777528 -20.775424 22.200200
2 9.877921 90.895378 -37.834246 -57.987470 -4.951584
3 -5.388889 -33.159476 38.490588 5.647720 -5.589944
1 103.055533 -84.316815 35.451479 -84.074685 29.884488
4 -76.250469 -54.230528 -17.149292 215.974363 -68.344077
4 -76.877824 -91.231157 30.310723 135.675847 2.122410
5 -88.486766 38.992144 -20.005149 -4.493356 73.993127
4 -103.973683 -27.549319 -28.704203 195.285057 -35.057853
5 12.381433 -23.122998 4.262876 -50.293886 56.772575
5 22.121638 23.317947 -37.651335 -61.486568 53.698317
4 36.592839 -30.774352 9.561669 69.097758 -84.477917
5 -23.808998 41.692647 -75.639990 -5.169680 62.926020
2 18.350290 97.500298 -46.973874 33.475009 -102.351725
4 -166.833971 -71.052684 49.086202 191.621309 -2.820858
1 105.833251 -48.672741 -4.316710 -26.361062 -26.482739
4 15.213630 -26.309758 12.531141 28.684087 -30.119101
1 80.810185 -13.950762 6.655575 -122.994576 49.479578
3 -88.108055 72.392123 76.658565 -58.501941 -2.440693
3 63.681482 36.581228 71.737292 -41.955204 -130.044799
2 -30.310556 101.551390 58.509896 -134.768516 5.017786
4 11.844594 -124.429639 -54.184611 237.543826 -70.774173
4 -11.779417 -0.812701 -30.988011 31.076089 12.504039
3 -67.768453 -20.172036 103.570027 -0.928653 -14.700886
4 -141.517998 -56.856624 -34.025122 169.483503 62.916240
5 -20.971315 -171.566870 58.637279 -2.363585 136.264491
3 -44.176900 56.124158 96.718524 -71.676679 -36.989103
5 -48.766003 -1.716972 81.560472 -119.333475 88.255979
5 -116.083728 72.803903 19.215120 -110.834047 134.898753
3 -95.636009 -25.416432 114.430937 29.306777 -22.685273
5 -2.398406 -9.933747 13.772447 -92.976701 91.536407
4 -39.369576 -22.953639 4.201889 131.908431 -73.787107
4 -19.249499 -0.889147 27.736506 91.786426 -99.384288
5 6.737151 51.928635 -40.964988 -99.015224 81.314426
1 153.379317 1.677275 -35.713203 -96.677058 -22.666332
5 -203.197043 -27.305806 11.116364 83.967117 135.419368
5 4.109682 -13.229456 -15.566997 -13.407243 38.094013
2 49.421092 82.903634 -17.934962 -27.858739 -86.531027
1 62.653005 32.091011 -38.070006 -24.355578 -32.318432
1 108.513281 -24.219574 -88.834955 -66.003584 70.544831
1 48.013511 -64.987136 -2.898712 8.965897 10.906440
2 -45.335293 103.594722 49.466682 -153.132726 45.406615
2 -39.781950 134.878071 -43.855454 -72.178836 20.938169
4 -24.329260 -124.467116 -50.923041 209.609053 -9.889638
4 -99.591259 -41.775461 -57.788700 236.666854 -37.511437
4 -227.993665 -73.295275 52.266439 165.893514 83.128986
5 36.838769 4.172411 -16.543327 -91.311729 66.843876
3 70.556865 -42.380691 160.919207 -208.376318 19.280938
3 -18.799271 1.449969 46.269636 -70.224327 41.303993
3 -51.113679 47.123506 66.745592 -57.351273 -5.404146
2 -75.113498 171.223191 1.594809 -25.560532 -72.143970
3 -45.373465 13.130200 23.978636 0.098423 8.166205
5 -61.170640 19.068271 -24.339194 8.415275 58.026286
5 -67.982329 35.506988 -27.339693 -62.617415 122.432448
3 -7.816867 7.186657 9.554580 -12.988993 4.064622
2 -8.478125 51.081995 22.030297 -87.907344 23.273178
5 -17.185996 52.369978 -14.351824 -149.436389 128.604232
5 16.689056 13.595092 -24.909638 -132.666175 127.291665
2 -82.464178 94.911467 -40.514121 -27.020349 55.087180
5 -78.879521 23.954094 2.753108 -58.442371 110.614690
4 8.436202 -72.881376 17.229203 65.551810 -18.335840
5 21.062056 14.815605 -19.417925 -110.040931 93.581196
5 43.623313 18.576549 -65.785717 -55.091628 58.677483
1 86.450261 -21.289454 50.226778 -140.520955 25.133371
4 -121.821644 -109.622309 25.605805 196.299496 9.538651
1 104.606910 18.393533 -43.991360 52.564846 -131.573931
1 105.122499 -84.622159 49.888938 -36.542205 -33.847073
4 -115.712997 -1.783918 -18.957477 153.790395 -17.336004
2 49.304004 153.833501 -11.545644 -48.710806 -142.881056
4 -111.886529 -35.312128 84.755328 119.108819 -56.665492
4 -62.183657 -88.181106 -16.330111 180.660826 -13.965953
5 13.901358 -36.429519 21.923418 -58.539198 59.143941
2 -96.564495 76.532592 -9.821368 -26.293319 56.146590
2 46.915557 128.862320 -37.374236 -66.190237 -72.213405
3 -138.803426 124.616715 125.854075 -170.610275 58.942912
2 -27.964386 69.702093 42.479786 -109.801925 25.584432
2 -137.930871 136.032287 70.846671 -62.815336 -6.132751
2 -51.829515 89.956371 12.138681 -92.579187 42.313650
5 -44.811868 -2.037260 13.018348 -140.759210 174.589990
2 -97.017227 101.625671 -47.120653 -48.658214 91.170423
3 -134.890569 39.699840 56.603574 20.623786 17.963369
1 25.961395 22.233067 20.991487 -41.221616 -27.964333
5 -30.963255 -59.592071 21.774355 -10.906540 79.687511
1 80.125732 -44.479365 6.491410 52.569867 -94.707646
4 -59.938546 -17.728496 23.689295 80.422059 -26.444313
4 35.611423 -36.903027 -11.364488 64.298557 -51.642466
2 28.148690 38.429380 -45.199193 -21.750223 0.371345
2 -61.860647 38.484425 28.544365 37.196586 -42.364731
3 46.151295 -58.841171 82.002809 -61.335040 -7.977893
4 66.862817 -27.673675 5.472113 78.727030 -123.388287
3 43.997593 -131.414772 98.274179 -61.760497 50.903496
4 87.389403 -75.053711 -46.059930 89.859307 -56.135070
1 47.013745 -46.975959 41.055539 -62.975764 21.882439
5 -123.788405 -56.854479 -49.144890 108.598015 121.189758
3 -29.343343 10.118371 30.274215 6.907156 -17.956400
1 74.440858 16.057770 -8.381642 -22.615140 -59.501846
4 50.557873 -100.435613 26.653370 87.579003 -64.354634
3 -88.914874 37.299904 55.989930 -50.461777 46.086817
5 -78.616397 -2.634224 20.376757 -6.498532 67.372396
3 -17.281596 -29.877553 42.156928 14.127897 -9.125676
3 -59.021900 41.418748 59.711509 -17.690930 -24.417427
2 27.178904 156.999205 -52.280106 -112.174203 -19.723801
2 -18.411563 145.303692 -41.841837 -25.860058 -59.190235
4 -68.796413 -53.308849 -14.933288 173.412432 -36.373885
3 -42.424302 -35.936276 99.867265 -27.983077 6.476389
5 -30.006573 -7.005255 12.155195 -14.373425 39.230058
4 -128.426164 57.343551 45.588611 73.270889 -47.776889
4 -71.406748 -99.787180 -81.092497 179.124230 73.162195
4 -4.629420 17.810679 34.475711 52.747077 -100.404049
4 -81.470505 -6.268885 30.015622 71.268248 -13.544482
4 -76.368621 -95.542891 41.116472 213.894824 -83.099785
3 30.226526 -38.736447 150.158091 -74.247447 -67.400723
1 36.884202 4.230412 -7.772303 -46.752097 13.409785
1 149.809908 -117.218859 -0.298421 -81.532496 49.239869
1 115.455212 2.396078 -12.549615 -100.885451 -4.416224
1 48.821808 34.021733 -2.918859 -23.801937 -56.122746
5 -126.720583 33.656862 40.921455 -2.807988 54.950254
5 -110.336464 106.579132 -18.419634 -120.189479 142.366444
3 -14.175122 -3.262620 33.721301 27.719812 -44.003372
3 -73.901565 -10.863315 73.893202 69.891673 -59.019997
3 16.739659 -13.507300 75.007824 -66.067211 -12.172972
1 122.675551 -65.393793 -61.873312 21.281575 -16.690022
3 8.451753 11.166512 71.728316 -70.529606 -20.816976
2 -17.249526 45.843677 -16.799922 -31.699975 19.905745
2 -42.233420 82.686565 19.157227 -47.549536 -12.060837
4 -139.037983 -33.845147 -22.344988 162.371057 32.857059
1 83.822832 -42.073308 -70.839264 33.229974 -4.140235
1 127.359620 -123.701381 -5.277575 -69.502584 71.121920
4 -148.798172 22.688841 28.755463 96.737666 0.616202
1 73.426313 -36.203428 36.490402 -6.896530 -66.816758
5 -27.395522 -10.045501 -18.022911 5.910473 49.553460
4 -191.496806 -21.486433 16.071842 274.274926 -77.363530
2 32.970345 48.496000 -41.836325 -9.623138 -30.006884
4 -85.905418 -23.606844 90.613457 138.503979 -119.605176
5 -95.461760 -22.726091 39.061184 -16.960845 96.087513
4 -62.294961 -33.158426 50.456430 108.286227 -63.289271
1 187.186532 -28.185913 -153.199129 17.089907 -22.891399
1 81.260382 -62.929112 71.937202 -38.569767 -51.698706
1 71.302101 -14.443949 -55.603217 -42.228815 40.973880
4 -42.314832 -80.189816 43.091115 49.503440 29.910093
1 38.377780 -10.177618 -61.514313 27.811233 5.502917
5 -24.686379 6.275560 7.751173 -43.513461 54.173107
4 43.159121 -30.896844 -67.023998 57.576484 -2.814764
2 -58.543113 60.992136 50.549164 -52.814818 -0.183369
2 -68.062485 60.829469 56.129530 -53.083354 4.186839
3 37.434023 -20.487228 52.288678 -59.038951 -10.196523
1 86.298306 -84.620233 21.388752 2.170117 -25.236943
2 -101.059730 108.999276 43.176485 46.084511 -97.200544
4 -74.259805 -69.456197 -85.135764 172.427503 56.424261
1 61.993089 -33.826399 -0.881786 -15.359558 -11.925346
1 80.142079 -88.643503 58.727216 5.741695 -55.967488
4 -63.471898 -43.087239 -9.534985 115.510488 0.583632
4 -187.608026 -102.566749 15.297799 152.848168 122.028807
4 -45.990765 10.717872 -47.674048 118.743952 -35.797014
4 -100.160217 -93.029290 6.163964 177.444090 9.581452
3 -33.049057 -52.790417 85.476423 71.299435 -70.936385
5 -60.147284 25.508551 -20.926395 12.427282 43.137845
4 -17.643153 -18.685723 -44.804898 61.348718 19.785056
3 3.014615 46.960143 69.559632 -17.661702 -101.872689
2 -64.980050 58.403766 9.529568 -16.716194 13.762909
5 59.180027 -56.589022 -38.258340 -32.753319 68.420654
5 -17.966282 -99.936794 16.639447 -7.199905 108.463535
5 -26.004778 -36.181704 20.690000 -0.372868 41.869351
5 -91.965591 4.623206 44.124870 -18.303293 61.520807
5 -6.287953 31.188396 -47.335377 -44.636015 67.070948
5 -86.140788 74.843928 13.308245 -94.683222 92.671837
3 27.834342 13.896640 77.803681 -20.601077 -98.933588
4 -51.339612 -78.561166 -6.177906 129.808690 6.269994
1 57.990227 -32.273950 9.077651 43.666254 -78.460183
4 -35.665882 -20.337994 -19.689564 67.357629 8.335810
4 -77.972507 -118.660321 -20.239824 206.460768 10.411882
3 -165.444493 47.795945 90.126186 5.648548 21.873814
4 18.793560 -65.904545 -79.842259 105.139406 21.813837
2 -35.450020 125.796940 -59.280374 -70.037975 38.971429
1 52.663974 11.333044 9.063993 -47.762866 -25.298145
2 16.510414 17.710121 6.741047 -9.934571 -31.027011
1 152.204491 -19.345172 -32.133518 -23.599087 -77.126715
5 -53.138375 49.460282 -37.001989 -28.452888 69.132969
2 -10.844012 121.211263 19.392062 -43.066411 -86.692904
4 -7.333068 29.753665 -39.858860 121.946826 -104.508565
4 -37.384805 -86.799184 -25.102961 159.761566 -10.474618
4 -157.365521 85.323415 -0.245012 88.660386 -16.373270
1 43.616241 9.241586 -15.112090 41.971282 -79.717021
4 7.435731 -26.199938 -0.679332 14.561869 4.881670
5 -47.053618 -18.161875 12.371209 -4.280001 57.124286
1 39.872521 -14.005246 -37.049537 22.997584 -11.815323
3 -35.423542 -172.043056 182.023069 -60.132395 85.575925
4 -172.100084 -12.143335 32.169064 227.418884 -75.344532
1 85.764438 -56.421016 -7.397931 11.897199 -33.842692
1 138.398978 -98.986821 63.775571 -122.069105 18.881377
1 100.765294 54.074273 -47.125735 10.425503 -118.139336
1 136.489005 -108.826506 -21.020332 -20.200226 13.558059
5 81.860859 -42.412533 -20.795755 -129.491540 110.838970
1 101.795544 -95.861946 71.176141 -20.685990 -56.423750
5 64.290892 -90.966074 0.823945 -49.889616 75.740853
1 109.965090 -46.328389 -73.144398 -45.201042 54.708738
1 128.169428 -138.867431 88.981949 -44.138029 -34.145917
5 43.028365 17.665022 -22.176298 -104.409013 65.891924
1 140.939440 -19.426905 -3.494512 -27.808828 -90.209196
1 91.472254 -3.499846 19.344194 -7.819735 -99.496869
4 39.524385 -40.337656 12.923887 96.723455 -108.834073
1 247.614454 7.397602 -91.250363 -24.614334 -139.147360
5 -16.243698 48.140496 -19.129948 -63.091870 50.325019
5 37.959227 6.163761 -66.426041 -45.686238 67.989291
5 -16.804940 -15.021914 23.708238 -42.874483 50.993099
5 -31.092479 93.039967 20.096494 -177.312870 95.268888
2 -105.337664 55.811775 26.977135 -11.913419 34.462173
4 36.179112 -30.519591 11.156711 71.035301 -87.851534
2 -10.623161 53.362484 20.098189 -54.700970 -8.136543
4 57.467981 -71.535673 -1.051677 66.896240 -51.776873
5 18.286193 -13.556589 -40.985408 7.908920 28.346883
4 -32.284206 30.628854 6.297758 77.750029 -82.392436
1 66.590917 4.499081 -58.151352 -7.943366 -4.995281
4 -16.613179 -32.227073 -39.647260 47.147660 41.339850
4 -137.017638 -34.712355 30.086749 165.676311 -24.033068
1 54.481785 -17.880152 -64.824625 -1.430886 29.653877
2 16.495268 152.829352 64.139175 -265.552670 32.088875
3 -53.704516 -31.246318 67.601362 13.720576 3.628895
4 -73.332772 -54.540709 -46.221221 109.760543 64.334158
3 -45.141536 23.678982 23.759947 0.480235 -2.777630
3 15.887445 42.585406 64.837420 -18.770146 -104.540127
4 -52.725239 -160.227816 -55.807151 187.338166 81.422038
4 0.843844 -23.599886 2.009574 72.267764 -51.521297
3 59.894987 -8.611273 141.102996 -60.666806 -131.719904
4 -20.531250 20.487463 20.036407 33.582506 -53.575128
3 -38.215029 13.310534 83.638123 -27.657061 -31.076568
5 -60.543135 68.451800 39.769924 -132.953126 85.274537
2 -7.121201 62.322156 11.153197 -97.465368 31.111216
5 -60.861509 -14.202429 -11.247795 -23.700377 110.012109
5 -92.602684 34.550853 -31.485072 -50.187144 139.724047
5 -74.406205 17.562188 21.465015 -94.684436 130.063439
5 -32.778356 26.523865 -35.928161 -29.439505 71.622156
1 79.652030 -3.862524 -10.428900 -58.604005 -6.756601
5 -73.882541 33.962063 -3.732146 -15.520201 59.172825
4 -33.130587 28.720359 62.855147 128.853654 -187.298575
2 -63.985823 119.319310 -3.941669 -110.146025 58.754206
2 -12.102416 123.094756 -59.702954 48.683155 -99.972542
2 -9.643775 97.238909 31.560567 -59.950342 -59.205360
1 50.523658 47.208069 -21.924178 -34.140393 -41.667156
2 -26.957028 20.833364 14.001189 -10.194558 2.317033
3 4.546667 -39.901326 87.154862 4.239721 -56.039925
5 39.022532 -54.082827 26.142129 -65.831755 54.749921
4 -182.282305 -50.369998 10.894925 154.408117 67.349261
4 -81.168968 -72.945600 8.959443 245.233017 -100.077894
5 -19.999178 21.865567 22.176205 -77.228369 53.185775
5 -71.017394 -46.029281 12.564342 -1.717603 106.199935
3 -30.543074 -8.084276 67.223151 -20.946092 -7.649711
3 1.349515 29.364610 69.372184 -70.437576 -29.648734
3 21.444397 -17.788667 83.570340 -20.436154 -66.789916
3 -73.468769 51.157791 65.053697 -26.661094 -16.081625
2 21.022910 45.210410 33.026359 -23.051186 -76.208495
2 -16.543122 151.244597 -3.539282 -16.568922 -114.593274
2 -32.857825 152.721827 9.340063 -53.443303 -75.760764
4 -78.083534 14.827739 40.960229 65.203622 -42.908057
3 48.045946 -78.523329 82.931353 -3.459005 -48.994967
5 8.182484 -55.781128 54.524049 -92.503124 85.577720
5 66.017658 -44.604185 -68.003413 -94.906577 141.496517
1 65.615249 -42.310512 0.095980 19.279400 -42.680118
1 75.616636 -80.606598 40.437010 -75.342617 39.895570
1 48.355315 -27.933990 22.834571 -59.996879 16.740982
4 -33.772652 -42.764649 58.460203 68.760759 -50.683663
3 -152.469398 42.467795 74.567617 9.554604 25.879382
2 -82.297894 123.864891 1.859855 -79.789979 36.363126
1 30.431506 18.989023 -22.006320 7.032706 -34.446917
3 -65.480277 20.461241 81.873349 -52.352325 15.498012
4 32.171803 -14.432555 -18.639451 180.726431 -179.826231
2 -46.285487 98.667633 -55.536857 56.834140 -53.679429
4 -142.391927 4.582976 -65.285096 188.687299 14.406746
5 -43.921585 -49.136775 -28.267819 50.485131 70.841047
1 80.312653 -37.630166 -21.126996 55.213017 -76.768510
3 -92.355813 38.694180 126.820278 -113.824249 40.665606
1 54.614405 -5.756940 33.701421 1.275469 -83.834356
5 -52.471959 -83.602764 8.087296 63.168112 64.819315
4 -59.772163 2.989460 -84.051340 191.070636 -50.236596
3 -78.928049 53.686910 94.577715 -153.677889 84.341313
3 -23.753196 18.200974 27.538605 8.136365 -30.122750
1 94.036172 -58.494885 -29.009794 16.196364 -22.727858
2 39.720597 39.836729 -5.633993 -68.681467 -5.241867
2 24.465693 33.883405 -12.332514 -36.776687 -9.239898
4 -131.513924 -49.746262 58.571595 229.523114 -106.834525
2 -53.975974 60.581632 5.117350 39.082808 -50.805816
1 73.022986 -99.710368 58.038091 -92.868228 61.517520
4 -34.900862 -19.574071 -29.314675 42.110552 41.679056
5 -49.454817 51.123682 53.422896 -112.088929 56.997167
2 -84.190027 53.466470 41.432979 24.961153 -35.670576
4 -71.725342 38.097122 15.206981 98.518129 -80.096892
4 -53.129784 30.116306 3.729941 42.491063 -23.207527
4 -20.537826 -70.557438 -0.614601 127.313294 -35.603430
3 -74.168542 22.291155 28.006729 10.925515 12.945142
4 -20.150653 -50.282314 -40.247251 64.400439 46.279779
4 -50.532222 -89.234490 11.524229 247.830077 -119.587596
1 74.499327 -108.548311 63.230868 -58.798868 29.616984
5 14.227470 16.955746 -14.059216 -73.058571 55.934570
5 -13.583426 -24.555008 8.056708 3.615695 26.466030
4 -30.125543 -88.279473 85.581877 128.444771 -95.621633
4 0.171961 16.067821 66.941956 95.920825 -179.102566
4 -33.040335 49.218352 68.256334 102.362357 -186.796711
3 -7.685287 -39.547896 45.128882 13.383694 -11.279394
2 -82.537983 74.541799 7.842115 23.855894 -23.701826
5 33.057172 -41.619708 -0.345231 -87.605653 96.513420
1 24.153245 14.781515 -16.378216 -8.820772 -13.735773
2 -55.898707 87.342439 13.932876 14.338837 -59.715446
4 -158.466000 -119.342810 -23.481785 305.236878 -3.946285
5 29.575479 -7.459425 24.371441 -104.231259 57.743763
4 -140.563851 -112.350143 4.835443 208.407479 39.671070
3 -106.398982 12.122001 102.699305 -13.187769 4.765445
1 21.784883 -28.309497 13.983725 1.504203 -8.963316
4 -8.808058 -31.206547 -65.990283 98.780413 7.224474
5 23.014644 -70.990793 -29.159815 20.448139 56.687825
2 -99.271422 42.003172 12.364442 35.825129 9.078678
2 32.984444 64.210838 -3.520202 -59.133552 -34.541529
1 71.695366 -117.129164 43.898245 -16.473812 18.009365
5 -64.636341 7.206629 8.176660 23.570179 25.682874
3 -12.243287 2.660983 51.566090 46.976790 -88.960577
5 -92.828961 -32.260424 7.437190 -5.353933 123.006128
2 -5.386424 65.988906 28.497046 -131.296795 42.197267
2 15.753424 68.889101 -23.177368 24.424801 -85.889960
4 37.800274 -79.507724 -29.119257 76.915032 -6.088327
3 -55.239601 -13.238347 32.461688 13.734721 22.281539
2 -63.627119 62.903000 -18.970080 46.368973 -26.674775
3 -16.380973 24.975522 25.516147 -1.890228 -32.220469
3 -3.107922 44.619112 105.415587 -219.863498 72.936722
4 -108.828916 -46.673123 26.768736 230.824444 -102.091144
3 -155.669016 43.215659 58.927538 31.568429 21.957389
5 8.442654 -59.609546 51.435314 -52.850106 52.581685
5 33.375897 -48.617114 11.989848 -107.073100 110.324470
1 167.802965 -38.277152 -13.952160 -71.923255 -43.650399
3 28.162474 3.707577 80.359018 -73.645354 -38.583715
3 9.234773 -47.739218 49.944214 -13.742460 2.302691
5 8.990008 23.270829 29.141277 -156.994563 95.592450
3 41.168058 -48.699927 41.627482 27.624218 -61.719833
4 -64.743250 11.420596 1.972689 36.241914 15.108051
1 84.762468 35.811452 -11.910827 -18.643350 -90.019744
4 -60.326556 -156.594898 -20.461488 230.582239 6.800701
5 9.776687 -48.638511 8.231750 2.717657 27.912417
3 33.091823 -44.895587 62.104155 6.147948 -56.448340
4 -150.118792 84.463848 -18.546496 116.957948 -32.756510
1 121.854020 -69.379659 44.165145 -61.218535 -35.420972
4 4.832268 -71.827251 46.863811 88.275145 -68.143974
1 69.391236 44.403374 64.175158 11.617256 -189.587026
1 131.167953 -86.828780 -106.426234 -9.746689 71.833750
1 62.528630 -33.651529 28.801432 -14.533590 -43.144943
4 -23.254561 -24.589467 -34.305728 75.856411 6.293344
5 -53.469846 -28.278287 21.333812 -10.251828 70.666149
5 41.187387 -11.285953 -56.212857 -19.319077 45.630500
2 -15.153343 98.997902 -9.258788 -1.889786 -72.695987
5 -36.386625 -63.803006 35.195977 22.696879 42.296775
1 137.188469 -114.746442 32.733739 108.766827 -163.942595
3 -0.515954 -28.872260 117.714679 -21.639487 -66.686978
3 1.699135 11.148937 29.270464 -38.023523 -4.095013
4 -21.144178 -11.192593 13.423301 53.216878 -34.303409
2 1.556207 16.180585 14.912409 -39.164405 6.515203
3 11.027176 -74.395757 133.137484 -127.732671 57.963768
5 6.853274 -16.575157 10.649993 -77.788691 76.860581
3 -151.572476 74.846555 117.122354 -1.587287 -38.809147
1 61.273338 -39.980119 -40.686603 39.345493 -19.952110
5 -48.439479 29.253050 -19.637853 8.029362 30.794920
2 -2.876305 46.673438 41.522580 -100.392655 15.072942
4 -81.982132 -23.608214 -33.306291 206.941374 -68.044740
1 76.635882 -37.419636 -54.510770 0.763973 14.530551
3 -3.537006 20.684696 50.660193 -32.373392 -35.434491
5 26.490053 -47.134598 -28.162897 -38.133162 86.940603
3 42.726171 -37.365473 83.965028 -36.455909 -52.869817
2 -56.030803 51.914656 48.901048 -42.357693 -2.427208
5 -53.130310 10.999601 13.115233 -44.969186 73.984662
5 -19.466973 -22.405892 20.814351 -37.411532 58.470047
5 -45.748924 52.473174 -52.849328 -49.163408 95.288486
5 -98.791783 -38.919369 23.601333 12.849927 101.259891
5 -141.079257 -39.233486 -2.131964 44.175927 138.268779
3 27.305376 36.401222 38.718357 -40.695645 -61.729312
2 -79.238434 67.813623 27.709360 38.194569 -54.479118
5 -33.568583 20.079104 32.384809 -59.362548 40.467218
3 -40.514186 32.990343 34.014202 -33.894766 7.404407
4 -136.644293 -105.906905 22.542445 220.766104 -0.757353
4 45.273326 -28.797219 -83.779583 105.828218 -38.524744
4 -3.747482 11.365832 -46.189035 25.691328 12.879356
3 -27.469262 12.769114 80.415856 -22.822590 -42.893118
2 -50.134117 98.684289 -2.545856 37.081060 -83.085378
4 -27.555986 24.251690 -62.507532 187.423051 -121.611226
4 -93.666859 -12.108773 32.367560 128.641449 -55.233378
4 -4.908608 -5.412735 -47.380785 53.803512 3.898615
2 63.124496 66.595693 10.404667 -39.692944 -100.431914
4 -76.930527 -62.423380 -33.199918 209.464364 -36.910542
3 32.923782 4.150820 58.582402 -21.504324 -74.152681
5 -5.068032 -3.274945 33.097862 -76.837031 52.082147
3 26.424397 18.800518 57.396222 -6.330407 -96.290731
1 183.632930 -31.440240 -3.321254 -41.251468 -107.619970
3 -25.898337 21.864924 86.875767 -43.723134 -39.119221
3 31.588642 13.083839 132.667867 -40.407346 -136.933003
3 21.708023 10.960551 32.653859 4.175025 -69.497459
3 -30.197622 -69.506898 51.596131 -1.100792 49.209182
4 14.011060 -4.551113 29.679134 85.461533 -124.600616
4 15.780560 -21.659190 -58.925384 88.412131 -23.608118
1 61.222875 -48.724353 40.822642 -2.622648 -50.698517
5 -93.905606 29.313486 -7.438862 -53.718233 125.749216
4 29.990840 42.448128 40.924268 54.886724 -168.249962
5 4.797094 -73.571691 46.653126 -44.343588 66.465059
1 55.490422 -54.401692 48.098119 -17.918570 -31.268280
1 50.887538 -9.971176 12.075970 -9.431796 -43.560537
2 40.435787 70.264480 -61.763633 43.007564 -91.944201
5 -50.964807 -2.301206 -32.391883 35.923522 49.734373
3 59.351393 -29.740222 67.444872 -16.060071 -80.995973
2 -38.548586 83.526642 17.185767 68.261020 -130.424845
1 54.238346 -1.061348 -3.893336 -30.848239 -18.435424
2 -34.942372 51.912887 51.009253 -52.504752 -15.475016
2 -6.891035 62.364650 39.661036 -39.814027 -55.320625
1 67.643776 55.507537 28.506424 -84.170003 -67.487735
1 136.646477 -35.679989 -110.852233 73.203842 -63.318100
3 -1.463624 -42.314342 139.279031 -42.873211 -52.627855
5 -4.606641 -32.328460 26.193665 -52.109211 62.850647
4 -64.084249 -3.777071 -10.082744 166.215242 -88.271181
5 -80.286007 -12.203577 36.113455 7.544957 48.831172
5 -156.488561 -18.634170 61.879282 -48.196307 161.439757
1 118.391841 -58.295637 42.604986 103.947182 -206.648375
2 25.553610 100.249409 44.920553 -83.060016 -87.663556
5 -88.046664 41.733870 -9.623269 -4.574871 60.510934
3 -7.480575 -60.774187 54.629798 -12.128376 25.753339
5 -7.938450 -5.734584 -28.710212 13.688719 28.694528
5 -38.515510 36.293741 -19.552696 -78.968071 100.742536
4 36.852512 -36.585507 34.852638 58.427726 -93.547371
4 -149.916970 -19.219639 -15.104351 113.053351 71.187607
5 -133.529556 17.295939 30.347336 -52.390585 138.276867
3 -5.710452 18.539876 63.530966 -59.754139 -16.606251
2 -85.651632 63.458687 56.331278 -1.900025 -32.238309
1 40.722262 8.598982 -11.450262 -52.077099 14.206117
3 4.344468 -34.023019 66.011695 29.620415 -65.953561
2 -35.769959 49.090983 18.197749 -4.490064 -27.028710
4 -59.618311 -19.996974 6.165572 68.498166 4.951545
4 26.153671 4.670223 -3.608093 81.670787 -108.886590
2 -44.485743 52.481728 1.151587 8.250122 -17.397696
2 -147.575532 226.563513 30.287468 -126.857016 17.581566
5 -81.308636 -42.446500 15.542264 31.214551 76.998321
1 48.991215 13.776211 21.160403 -65.182043 -18.745786
2 -31.104099 113.769610 -3.436269 -71.596611 -7.632632
3 -35.254504 -68.023290 48.005339 19.281285 35.991169
5 -3.715266 9.477128 -35.044445 -105.423270 134.705853
1 149.222699 7.817616 -14.156976 -100.078309 -42.805030
5 -13.873295 -22.632629 32.510347 -111.137943 115.133521
1 79.382058 -39.194361 17.267771 -109.129686 51.674217
5 -7.412307 14.373055 -7.937248 -15.290482 16.266982
3 -85.228378 -15.622689 85.023865 -18.997783 34.824985
4 -22.684623 -88.014975 -95.254009 186.295119 19.658487
5 7.817853 -62.523311 -43.039844 13.552275 84.193026
1 75.071135 -1.291245 -37.060716 -75.643197 38.924023
5 -3.233512 -29.040771 -7.168231 18.873753 20.568760
4 -80.410021 -9.812656 12.761768 124.779419 -47.318511
4 -95.954447 27.444118 47.148182 136.447488 -115.085343
1 88.505295 -84.138008 0.930762 4.338261 -9.636311
4 -51.904280 -80.824223 0.249224 93.813153 38.666125
4 -78.238189 -60.532616 -54.908892 171.184268 22.495428
2 -98.113449 88.695388 86.793959 -138.995771 61.619874
5 -48.781353 14.188532 -31.134271 31.781220 33.945872
4 -48.068270 -56.503012 -22.699560 73.096971 54.173871
4 -110.930826 66.854563 -46.041283 104.519572 -14.402028
2 -69.980270 106.866458 44.368598 -97.189839 15.935054
4 -67.518554 -78.707434 63.199091 87.824783 -4.797887
2 32.156251 48.423895 -66.971385 28.717273 -42.326035
2 -0.169112 52.286703 20.948649 -76.799477 3.733237
3 23.029017 -36.008676 66.126693 -62.732968 9.585934
1 114.851783 -74.406937 15.209226 -72.011770 16.357698
5 -126.148101 52.747338 48.541443 -49.978311 74.837630
3 -42.951005 35.855949 92.441174 -112.579114 27.232996
3 21.865938 -2.389744 92.148209 -43.088656 -68.535748
3 2.085411 48.406277 96.488029 -209.082824 62.103109
5 -78.824940 27.545516 4.849183 -95.719823 142.150066
2 4.891032 28.245036 21.893799 -3.029898 -51.999970
5 -164.115957 -41.329925 106.917850 -105.989681 204.517715
2 -43.502389 52.721223 -29.744599 7.260673 13.265092
3 2.625507 -51.970534 29.339983 19.088625 0.916418
1 45.249991 -39.047183 25.993413 -17.096685 -15.099537
3 -30.836559 -18.043877 45.529835 -9.669364 13.019965
3 -16.219223 -11.474810 56.409574 15.951945 -44.667487
5 18.240499 -98.841959 30.519431 -95.488869 145.570899
1 65.031746 -44.110107 -27.791302 36.300232 -29.430569
5 -103.592366 -8.223796 10.757980 11.472538 89.585643
4 -21.493598 -34.659791 58.763328 122.262715 -124.872656
3 -42.145979 -56.242743 97.749517 -39.562124 40.201328
3 -26.989943 -17.090813 54.865711 -30.401689 19.616734
3 5.746945 -73.299984 98.471872 -20.114831 -10.804001
3 24.980615 -106.872562 87.798385 -47.853032 41.946595
3 -156.236333 81.680055 84.601946 -6.577151 -3.468519
2 -65.814443 52.020254 16.591794 38.792972 -41.590579
4 -44.705314 41.001225 19.629656 43.686039 -59.611608
3 -104.666037 49.907100 144.189412 -104.278565 14.848090
5 -48.504762 61.676118 -20.843455 -63.098340 70.770438
5 -102.033429 30.786692 3.150770 -139.079800 207.175769
3 -22.113077 -57.599745 52.477973 -3.749644 30.984494
1 23.628379 -14.704621 12.977149 -6.685998 -15.214910
2 -80.426910 76.255228 29.025348 -12.351855 -12.501810
5 -66.392535 -45.940515 21.767579 25.169527 65.395943
5 -33.468091 -152.074465 -23.235444 96.039725 112.738274
5 -148.695410 -14.479933 61.975253 -39.630878 140.830969
5 -27.416161 -59.764604 40.490055 -7.654367 54.345076
2 -25.762781 41.903819 4.561819 28.859859 -49.562716
4 2.770856 -51.539034 20.518216 46.926563 -18.676603
4 -14.839450 5.126269 9.527045 92.671000 -92.484865
1 169.907935 32.516213 -69.422574 29.405817 -162.407394
1 118.384797 -21.495298 -38.891771 59.850514 -117.848243
4 -23.814552 -29.401851 29.328481 108.294533 -84.406613
1 69.302887 -82.030740 31.676974 3.891067 -22.840190
1 30.021254 -8.974383 -24.610593 -11.722965 15.286686
3 -29.832272 31.689365 40.866213 -15.609801 -27.113506
1 94.042640 -20.470265 -42.751159 64.749195 -95.570413
3 -0.832390 -114.820690 120.839675 -20.042929 14.856333
3 -28.433251 41.949357 80.313162 -36.248558 -57.580711
5 -32.519216 -17.032161 -4.069431 23.874959 29.745848
3 -42.217127 6.090762 33.535796 -22.199577 24.790146
3 -63.285002 69.623557 76.706344 -154.291145 71.246245
3 11.610588 22.990293 48.627908 -44.617777 -38.611013
1 40.189314 6.678366 -29.657428 11.250282 -28.460536
4 -18.524885 -94.125432 50.352964 76.124850 -13.827498
3 -10.659306 16.843496 68.810170 -18.871655 -56.122706
4 -93.995387 -37.273937 26.601560 182.564542 -77.896780
4 -152.341270 -122.208225 23.826283 269.410854 -18.687644
3 -11.390845 -44.650189 40.337975 -9.721782 25.424841
5 -22.825627 -6.916802 -44.536118 30.942614 43.335931
2 3.856973 46.904335 9.705563 -69.605288 9.138417
4 -127.464500 37.727487 -40.568211 139.525578 -9.220356
3 -24.538289 4.705376 35.279464 -49.250986 33.804434
2 -20.552736 65.625467 15.923533 21.373374 -82.369639
4 -3.949735 -60.160075 24.041976 57.827392 -17.759558
4 -17.521454 -33.956413 2.965527 75.108760 -26.596421
5 -25.889310 -41.741735 -42.918571 7.159953 103.389663
5 -131.730748 -34.575292 -58.478857 88.855735 135.929162
1 61.389955 -23.226199 -10.460974 4.478825 -32.181608
1 55.551466 26.458982 26.190509 -41.543681 -66.657278
4 -41.088378 -84.616877 6.855227 110.712819 8.137209
5 -28.451921 -40.777405 -71.557556 9.309658 131.477224
1 102.513756 -3.859122 49.219545 -85.536160 -62.338020
5 -40.152553 -60.536174 -4.359988 41.005823 64.042892
1 163.656493 -36.516890 -16.772773 -46.896308 -63.470524
5 -105.636505 -95.916389 9.152840 90.716634 101.683419
4 -127.949847 8.278467 -29.619466 124.880515 24.410330
4 -87.878454 -49.753118 -49.576876 144.062338 43.146109
1 121.538980 -39.386324 -70.451172 37.044584 -48.746069
2 -16.491802 46.930373 -32.825999 -9.959703 12.347130
5 -37.014382 0.372329 3.042831 -26.455469 60.054691
5 -130.736286 -28.427367 61.255798 -30.565380 128.473235
5 -153.820245 46.332247 36.108102 1.236469 70.143426
4 -48.849262 -102.531738 29.151819 176.350853 -54.121674
3 52.945051 -77.084026 54.697873 -9.847343 -20.711556
4 -139.541140 -62.163936 3.023620 192.187280 6.494173
2 -56.827835 120.841651 -31.273930 -6.577370 -26.162517
5 -8.764771 20.640313 49.220772 -180.683653 119.587341
2 -45.400182 61.815578 -0.295445 23.149892 -39.269844
1 123.935878 -23.441707 -90.562542 -41.432081 31.500451
5 -46.679104 -0.721890 20.344824 -0.509235 27.565404
2 38.934031 50.579376 -24.850365 14.404496 -79.067540
4 -142.852082 -34.918902 31.688030 110.406933 35.676020
5 -121.780106 -29.198960 51.539075 31.132883 68.307107
5 -73.661286 -68.970393 55.077060 5.677756 81.876863
4 -11.871318 -1.569161 -8.300403 49.825646 -28.084766
3 -67.392883 28.894268 62.805316 4.453431 -28.760133
3 39.881387 6.072190 81.322634 -82.138702 -45.137509
4 -182.384236 -20.727456 6.994990 222.793040 -26.676340
3 -48.650796 -16.796652 89.821724 -67.000205 42.625929
3 -90.407149 -38.254779 152.385794 -167.337985 143.614120
3 -33.813225 -41.538030 73.374686 33.854875 -31.878307
4 -141.170310 -0.004152 -25.965217 280.860498 -113.720821
5 18.108371 -34.386035 17.114237 -47.629356 46.792782
2 -97.065054 85.979213 58.289444 -51.425092 4.221488
3 -96.330764 -33.496370 229.272725 71.236675 -170.682268
4 -181.338194 -101.476144 24.247234 148.843671 109.723432
4 -107.777188 -110.598752 21.184011 262.870049 -65.678122
2 -52.849320 73.436040 4.229360 -86.759238 61.943159
1 63.916876 10.180210 1.921787 -55.767629 -20.251245
1 90.914759 -87.240122 48.835140 -14.412935 -38.096843
3 48.631603 -55.954353 52.246190 -33.313661 -11.609779
4 -84.813881 -64.532799 2.067446 174.665846 -27.386613
4 -57.344472 -149.468673 14.261752 190.743321 1.808071
5 43.780437 18.891180 -71.597545 -125.076592 134.002521
1 46.416487 -42.295765 -43.262539 18.340695 20.801120
5 25.191317 -34.273243 50.254606 -106.574196 65.401516
5 -9.387220 -12.995696 33.414687 -93.455581 82.423809
5 -37.850509 -78.428758 -1.256695 3.250980 114.284982
5 -52.585995 29.495664 25.343907 -80.801790 78.548213
5 -9.016226 -39.342374 20.137906 -19.259544 47.480237
5 -9.155897 -60.067742 -31.588267 -10.895587 111.707493
3 67.453431 22.470393 84.579277 -38.821267 -135.681835
4 -102.488308 67.895163 9.934397 134.272479 -109.613733
1 108.934615 -85.403454 100.185994 -64.353621 -59.363534
1 116.128282 -52.154009 -9.231389 -4.369165 -50.373720
2 -48.240693 60.515711 3.556089 -10.191253 -5.639855
2 4.399647 49.384257 40.128350 -31.348544 -62.563712
1 68.485395 -65.830391 -18.004065 -4.041513 19.390574
1 37.470468 -33.861553 22.763010 -44.234290 17.862365
3 85.693780 -4.418427 103.155295 -156.104747 -28.325901
1 55.400625 -30.819736 20.382594 -27.053741 -17.909743
5 26.856290 -62.954794 -26.020076 -58.092757 120.211336
3 13.583884 -62.763066 29.443973 4.364095 15.371114
3 -139.761770 -14.139030 96.322583 0.667217 56.911000
4 -8.863668 -70.347799 -2.372022 128.206453 -46.622966
4 -42.584365 -19.698801 4.705444 33.996700 23.581021
3 -18.423345 31.042333 43.275652 -86.636064 30.741424
3 -29.591870 25.215738 81.757793 -133.122440 55.740779
1 75.647742 -86.504850 -34.894232 41.079268 4.672071
2 -20.799501 50.284829 -32.427219 -22.131553 25.073444
3 -23.448589 55.866237 72.185756 58.347936 -162.951342
1 122.323532 -55.428027 27.533931 8.849662 -103.279100
5 -28.307680 -96.311805 -32.750651 7.996963 149.373174
4 26.826901 -31.515292 37.816122 49.475017 -82.602749
3 -18.623710 -1.035960 34.934707 13.648482 -28.923519
4 -35.293139 18.086443 -32.930217 68.949554 -18.812643
5 -70.456434 18.627533 7.773327 10.789296 33.266277
4 -85.926775 36.264599 15.705174 77.068572 -43.111571
1 50.633509 50.029642 -24.897217 -40.005866 -35.760068
5 26.475670 -47.453312 -29.703238 -3.295399 53.976278
4 -94.862382 -24.204909 -52.488259 140.615845 30.939704
2 -58.640070 65.053188 -52.759002 37.424397 8.921486
2 61.340672 116.494299 -48.936846 -96.491683 -32.406443
2 -43.173023 78.666097 24.123148 60.852714 -120.468938
4 -113.943726 -53.792700 18.443161 82.968301 66.324964
4 24.226598 -42.245498 -51.272067 39.865424 29.425542
2 -47.898458 39.851017 15.256206 -22.488320 15.279555
4 -117.781383 31.128030 -47.343045 140.356425 -6.360028
1 84.236428 -52.350315 28.852120 -67.479339 6.741106
4 64.738453 -24.781249 -7.785513 79.326945 -111.498638
3 25.250702 -12.410579 88.276640 -68.839361 -32.277402
1 184.765692 -13.787194 -98.661357 -39.628811 -32.688331
5 -124.765534 40.899094 15.077353 -29.291488 98.080575
3 -61.550587 4.615345 110.116511 -45.031741 -8.149528
2 21.983940 88.169156 -28.059810 -37.147289 -44.945999
1 52.500143 52.048146 -24.569641 -39.071166 -40.907483
2 23.332650 49.489937 -1.076131 -7.000778 -64.745679
4 -195.952568 45.967789 25.017324 92.287764 32.679690
4 -237.225976 14.347363 47.027492 180.732186 -4.881067
1 158.748595 -61.007369 -95.693026 -9.646588 7.598387
5 -15.228808 63.481805 -34.306533 -88.692798 74.746335
3 -142.050306 -48.644189 104.957598 43.548050 42.188847
1 53.085164 -30.589830 5.744240 -21.963601 -6.275974
5 2.403050 -13.312097 -7.311219 -29.907592 48.127858
1 95.453999 -40.003241 -47.766436 -53.640134 45.955810
2 65.203167 72.872769 -43.521398 -69.832602 -24.721937
5 -53.771055 25.166501 4.724437 -82.980533 106.860651
3 -34.072722 -43.297890 59.851665 30.209161 -12.690214
3 -18.609456 49.381784 89.420235 -74.805134 -45.387430
5 57.426995 -1.741719 7.937869 -123.147213 59.524068
5 -41.338980 -27.157748 2.116707 18.994031 47.385990
3 28.055446 -41.048925 77.817806 -12.764115 -52.060212
5 -1.120359 12.527472 -57.567199 -7.399616 53.559703
2 -129.783160 132.121587 8.930999 -33.428178 22.158751
4 -114.965566 -120.283411 -53.783054 276.876523 12.155505
1 63.651360 -38.019990 -39.558626 13.125688 0.801568
5 -3.867069 -78.699010 15.117744 6.539641 60.908693
1 46.260109 32.140565 -42.222495 20.067216 -56.245397
3 -100.402179 61.368497 97.620968 93.106623 -151.693911
1 105.157290 -3.526276 -74.415498 46.814131 -74.029649
2 -37.159112 55.532367 13.340358 13.778147 -45.491760
3 52.002069 32.329495 82.940481 -56.983393 -110.288654
2 -38.474940 68.051931 46.385486 -79.240147 3.277669
3 -42.701367 -5.368531 75.512466 35.297071 -62.739641
2 -88.912037 105.993515 -27.908935 -2.709114 13.536570
3 12.665154 -38.548722 39.937631 26.714559 -40.768623
1 108.846462 36.472916 -2.295762 -46.084477 -96.939139
1 41.775339 -12.278609 18.279512 -34.912987 -12.863256
2 -170.287274 191.550311 -24.294561 -95.188901 98.220425
3 -77.800238 43.933952 114.211881 -46.023723 -34.321872
2 -120.736893 157.146567 -9.631622 -91.139309 64.361258
3 -26.012435 63.003542 67.572148 -43.279903 -61.283352
4 -69.819223 -152.524046 -23.212687 240.607978 4.947977
3 11.725655 -78.813575 101.058318 3.148706 -37.119105
3 -14.401102 31.379245 110.452803 -50.527428 -76.903519
4 -3.412819 -50.868079 -79.320270 170.784679 -37.183513
4 7.560820 -39.648111 18.359920 40.685098 -26.957727
3 -40.091489 -17.335361 62.520347 -35.963632 30.870134
5 -26.665972 -72.014785 35.891976 -2.007598 64.796379
1 43.424427 9.440941 -38.714094 6.582653 -20.733929
5 -38.898623 -2.634462 2.567237 -48.169514 87.135362
5 -101.613906 12.785571 25.281120 -22.128755 85.675970
4 -112.741470 -12.451658 -11.768815 130.733449 6.228493
4 -83.662952 -35.744916 -59.541989 213.729625 -34.779770
4 -94.335878 -152.712338 -33.037818 294.188417 -14.102385
3 11.686366 -117.277443 108.107404 18.543221 -21.059549
2 -24.708116 44.095190 5.014162 -4.480549 -19.920688
3 -18.508983 9.460206 53.447179 53.256262 -97.654665
4 -114.167118 -74.202533 60.176584 158.765282 -30.572216
4 -106.320426 -32.362448 -28.764428 166.528329 0.918972
4 -20.976642 -2.650167 -10.866943 63.986816 -29.493065
3 -92.599117 -20.523285 93.042635 23.064993 -2.985228
4 -117.883253 -86.411922 -4.884269 197.882185 11.297257
2 -20.238353 51.271290 -35.679552 -27.476735 32.123350
4 -104.514380 -82.169337 7.563322 180.606741 -1.486348
4 32.314942 8.449667 -36.910169 56.555670 -60.410111
3 -94.045647 50.786684 67.727073 -47.677413 23.209302
1 68.444261 27.608994 -42.463053 -121.116936 67.526735
5 7.892990 -34.004711 -28.336629 -10.392110 64.840460
3 -53.603280 50.009214 107.303464 -191.474565 87.765168
3 13.014517 32.911959 72.607625 -135.488938 16.954838
3 -90.291204 74.155445 90.771870 30.024320 -104.660432
5 44.589868 -26.034051 -53.673062 -21.278861 56.396106
1 40.251466 -43.957810 27.466956 -18.088728 -5.671884
3 18.412481 -26.325597 57.737830 40.944746 -90.769462
1 60.428228 6.429616 -7.174734 -100.876388 41.193278
3 -48.536511 -37.009613 85.030452 7.169122 -6.653450
1 69.730463 10.310402 -51.013844 -32.863500 3.836479
2 -2.965894 12.826417 -15.216243 11.900444 -6.544725
4 -143.099505 -84.609879 24.716030 191.640636 11.352716
2 -81.154710 137.889691 -142.301896 1.561568 84.005347
4 -106.612275 -146.474497 25.339442 154.320895 73.426435
3 -27.651734 -66.920665 80.896716 -34.637095 48.312779
5 -52.006804 -16.297362 -0.549331 -11.497024 80.350521
5 67.075385 15.675961 -24.688262 -132.812655 74.749571
2 -41.739259 78.148237 20.993923 3.202111 -60.605013
1 66.625837 -34.373597 11.518910 54.499758 -98.270910
2 -20.431465 43.947232 43.369318 -17.401470 -49.483616
1 162.397024 -13.273861 -49.332966 -129.038406 29.248208
3 8.551448 -22.641108 24.386973 7.362392 -17.659706
2 -161.648260 82.356619 -12.345357 37.039757 54.597240
5 -15.362417 31.397203 -7.610817 -57.890536 49.466566
4 16.412338 -30.411192 -84.346516 180.084543 -81.739176
4 13.652187 -41.306163 -12.260561 120.654617 -80.740082
1 95.055927 -54.257175 -72.335852 49.126162 -17.589064
3 -69.825079 17.932592 78.237565 -31.528661 5.183583
2 -51.712110 91.536336 20.608226 -52.674073 -7.758379
1 38.987558 23.101842 -6.819577 8.925354 -64.195179
1 45.084933 34.672466 -2.994036 -21.092270 -55.671093
2 -79.698430 66.043297 -31.025664 61.595131 -16.914335
2 -76.071123 117.884151 35.131261 -95.163133 18.218844
3 24.478436 -51.844012 25.077101 7.752359 -5.463884
2 7.884625 44.238136 -3.587371 -37.544622 -10.990768
2 -55.917138 62.150960 1.491418 -23.101567 15.376327
1 64.620450 -19.386347 -2.515795 -72.353957 29.635649
3 17.229399 -68.312427 47.639962 -18.283183 21.726248
4 -56.284395 -11.234046 36.685185 62.322998 -31.489743
2 -112.029871 94.850321 13.168956 7.882214 -3.871622
2 -10.093070 79.458267 73.165468 -16.497996 -126.032670
2 -39.335602 88.497110 19.410787 61.223117 -129.795413
1 67.536355 -5.176569 56.050881 -41.673389 -76.737280
1 113.763723 -59.566529 -63.532737 63.189695 -53.854153
1 120.148812 -23.784037 7.529541 -84.192488 -19.701829
1 73.458778 -46.768336 28.826322 -83.424994 27.908230
4 27.160737 -74.907916 -54.616226 172.962854 -70.599451
3 47.642201 -69.076452 55.673616 29.658845 -63.898211
5 -41.068963 -60.266716 64.579615 -65.534195 102.290258
5 24.738108 -26.903716 -97.471055 -0.566768 100.203430
3 11.487589 -46.373202 33.296388 15.668304 -14.079080
5 -206.422018 0.865297 42.050566 59.454842 104.051313
5 40.549190 -48.431118 -45.603342 -57.421049 110.906320
5 -105.424173 -2.605412 50.247802 -2.100640 59.882423
4 -2.034606 -24.708657 -32.089102 73.302795 -14.470431
3 35.236542 -63.118300 79.139165 -32.809677 -18.447731
3 -21.535716 -7.119025 72.418957 -70.608122 26.843906
5 73.272679 -114.868890 -20.632006 -44.027583 106.255800
3 -60.887206 -43.810560 129.026397 -42.135566 17.806935
5 -46.975733 -49.204203 29.919456 -8.752811 75.013290
1 141.967417 -29.904293 -54.521111 4.641527 -62.183540
5 -73.791306 -23.935516 28.665610 -5.104771 74.165982
2 -57.216376 101.395526 37.151397 -98.978234 17.647686
1 159.478104 -95.663941 -69.067603 -32.559692 37.813131
